t = 1000000
b = 47.977462 47.977462 47.977462
E = -0.660787352490147 -0.660787352490147 0
-0.177571818426259 3.91182854168389 11.7173896114711 0.55427265149166 0.511653333696572 -0.656500338041902 0.496930460385059 -0.836167522089996 -0.232129257993433 0 0 0 0 0 0
-0.158196570944028 3.5201859853433 11.4048329347269 0.848691258041399 0.479002513337053 0.224231441763713 0.520997141414614 -0.830137358882789 -0.198579814535304 0 0 0 0 0 0
-0.415830341319058 3.42737294208263 10.3258487335598 0.270000218240682 -0.612064093013163 -0.743288253745749 -0.85393135195149 -0.508875388397746 0.108844316139889 0 0 0 0 0 0
-1.13686943456374 3.74926651270909 11.2689390839762 0.150660913896632 0.429653138381737 0.890336717008603 -0.806616301487753 -0.467266033590669 0.361984248041246 0 0 0 0 0 0
-1.387046340936 3.40969295003061 11.5317259487388 -0.296404076966276 0.858901936900166 0.41765067257406 -0.88767734006202 -0.409101323891939 0.211341062827049 0 0 0 0 0 0
-1.29232206094569 2.06013269351976 11.4739311008353 0.491377694860301 -0.674301019316187 0.551240506720558 -0.00341334073639495 -0.634407237310076 -0.772991465864424 0 0 0 0 0 0
-1.98552695785067 3.23390410234249 11.583287977509 0.124151354211763 0.884762957414239 0.449200344350235 -0.97499384409614 0.0246820713407825 0.220856962904644 0 0 0 0 0 0
-1.42259279683336 2.21609199431112 12.0050421217836 0.641301158687907 -0.736848588151649 0.21397892848281 -0.113682982870814 -0.367045321596124 -0.923230150760489 0 0 0 0 0 0
-2.32499913907024 3.27555489930009 11.9771461850087 0.00382511244902908 0.976668417033145 -0.214718819973044 -0.963381311329408 0.0611677594311251 0.261065038169269 0 0 0 0 0 0
-2.6884931480227 3.47788277925269 12.2788488602422 -0.104445136762817 0.54608256057549 -0.831194952954867 -0.986136505318095 0.0514925941927864 0.157744425232983 0 0 0 0 0 0
-3.1993301789236 3.70682284416111 12.4981012358852 -0.0708970950369889 0.184518477476039 -0.98026860263745 -0.995681970419603 0.0459482840596013 0.0806608174603649 0 0 0 0 0 0
-3.95896151522707 3.53980805799141 12.9763272248841 -0.295489368885286 -0.503718465291803 0.811759656902399 -0.800508012247541 0.59430462797267 0.077388186592092 0 0 0 0 0 0
-4.05317354209935 4.51345260109465 12.995267729766 0.412698722857034 0.832481629702898 -0.36966755228042 0.624682878543193 -0.554039450997599 -0.550283188063004 0 0 0 0 0 0
-3.84294567728139 3.54394347313248 13.7662385042661 0.583867809740404 -0.803954190701232 -0.112942640166482 -0.21743791665235 -0.288892318266131 0.932342201578289 0 0 0 0 0 0
-4.12135404766189 4.84955297857578 13.3947714814336 -0.172777452931281 0.605229479437026 -0.777074789311118 0.587577504552976 -0.56985095459082 -0.574475904073594 0 0 0 0 0 0
-5.00641476998074 4.05198423777634 13.6791539465819 -0.650885754818084 -0.758420005460101 -0.0338648691015602 0.746208994247452 -0.647341060832698 0.155311582742012 0 0 0 0 0 0
-4.8326337717751 3.6985153946789 13.9704689830691 -0.263652888558238 -0.546402433305595 -0.794941214640775 0.830935150437532 -0.5472107747966 0.100534284672725 0 0 0 0 0 0
-4.65338089326529 3.21534308634258 13.9834697068201 0.218991811664794 0.195926093861163 -0.955853311005462 0.841078239660907 -0.534485881303257 0.0831398663360483 0 0 0 0 0 0
-4.34215265138521 2.83352765358388 13.8625442294535 0.344436191224569 0.691695142252431 -0.634761009760153 0.892533442972589 -0.450925919771677 -0.00706163189561458 0 0 0 0 0 0
-3.90035293984344 1.62824372207296 14.2045173605558 0.323563252726975 -0.901082710445643 -0.288715725389339 0.857233752545672 0.408333603546631 -0.313709995671091 0 0 0 0 0 0
-4.14156752515169 1.50518448212842 13.6355757616221 -0.246969497982274 -0.952157189750886 0.180007646900306 -0.456445023501046 -0.0495563981087627 -0.888370476715083 0 0 0 0 0 0
-4.31879193236645 1.30488335866451 14.0603469274899 0.590298380243542 -0.715056148598026 0.374489686753236 0.784385030235191 0.398663209275386 -0.475192349349174 0 0 0 0 0 0
-4.27683590827086 1.47464262414988 14.7486542665653 0.687473860390073 0.63383559052069 0.354446237668391 -0.021866868111744 0.505923468935768 -0.862301155998898 0 0 0 0 0 0
-4.81638819519867 0.366795666055688 15.1667631245801 -0.378576727240023 -0.913835005488439 -0.146919171494474 -0.230207778638465 0.246711403018042 -0.941348958732702 0 0 0 0 0 0
-5.2309541151517 1.19359490892233 15.129530232586 0.301576978504611 0.951148838705416 0.0660848871028122 -0.393585359351884 0.187323675809749 -0.900000225174953 0 0 0 0 0 0
-4.97009059523046 0.259694131930153 15.6308076477984 0.258991685314319 -0.867779593375745 -0.424124845002897 -0.205416238195935 0.379575943427978 -0.902067775852044 0 0 0 0 0 0
0.359898554886707 0.0400202218458219 1.07247137556095 -0.374059912582649 -0.926185511200961 0.0475350456018576 0.906274633135142 -0.354177957118372 0.230703844682985 0 0 0 0 0 0
0.119341128012437 -0.0625817942296223 1.62275386899907 0.527386374063752 -0.846098878392144 0.0773324012401335 -0.299320055777694 -0.0998411211299745 0.948914777377008 0 0 0 0 0 0
0.569272248995829 -0.0850672480529084 1.49259732733877 -0.0411151438931742 -0.750540325466014 -0.659544361477715 0.976352221544699 -0.170398687111965 0.133043702797521 0 0 0 0 0 0
0.975292133244532 0.834231368823971 1.10743964076321 -0.25614532092921 0.549431617566002 -0.795307784232087 -0.524522390382504 0.612093012152592 0.591792535895211 0 0 0 0 0 0
1.55093772079986 0.381635507843257 1.82950555943123 0.192408391795138 0.968879335427075 0.155730034977374 -0.740571623997843 0.247485456266747 -0.624743642179703 0 0 0 0 0 0
1.25269760509313 0.848716444230384 2.47846880541098 -0.0395833499673143 0.811584934415875 0.582891973337897 -0.329476910822177 0.540123294365914 -0.77441060948724 0 0 0 0 0 0
1.29680915161994 0.365164578717369 2.86037248446586 -0.272046819661603 0.948244073621865 0.163779438887283 0.0385595983296757 0.180804065086852 -0.982762966039334 0 0 0 0 0 0
1.61056708638991 0.788308793104697 2.86593749966557 -0.638495166040018 0.59691979818524 0.485809301415745 -0.158604387719685 0.515624827424509 -0.842006939096892 0 0 0 0 0 0
1.53966331941061 0.463404513782017 3.35412739464701 -0.851414313436474 0.524416730190058 -0.00898664085027246 0.165639743697167 0.252587609728387 -0.953290603486085 0 0 0 0 0 0
1.91564835184582 0.890100996321536 3.32920087142244 -0.962597853043117 0.0542389650749629 0.265449632976734 -0.171954602125862 0.634832837984771 -0.753272117143395 0 0 0 0 0 0
1.5378333367867 0.726715428653662 3.80914085608907 -0.945115385009246 -0.258569174939697 -0.199747066844261 0.145223291105835 0.215204069523404 -0.965710828444804 0 0 0 0 0 0
1.25525583720719 0.991353989590486 4.26613597623719 -0.631769268845797 -0.740411174684711 -0.229475231950397 0.0605537550751452 0.247992184041191 -0.966867684486808 0 0 0 0 0 0
0.789529449258766 1.10922621722091 4.58399871386476 -0.100137350814702 -0.976406237573354 -0.1913200692963 0.144867640689042 0.175929627466793 -0.973684822097864 0 0 0 0 0 0
0.401825225049186 1.063265215317 4.86586285810144 0.487668263127544 -0.87287074947024 0.0166228646868809 -0.686121301877667 -0.37141984894299 0.625527661085013 0 0 0 0 0 0
0.0257554724299642 0.68772970584736 4.95137861212842 0.770390240439938 -0.366561858249339 0.521662037636915 -0.634893983349403 -0.36613981331724 0.680331733061641 0 0 0 0 0 0
-0.331443071598688 0.259759358460592 5.31602543844751 0.784104653095146 -0.00423134527702382 0.6206142020448 0.431898904996102 0.721836869797103 -0.540753981204566 0 0 0 0 0 0
-0.385577490491603 -0.177527990134735 5.75738079921115 0.696923698311939 0.3155433653958 0.643995142255581 0.0897898325707189 0.852538314096599 -0.514894366756731 0 0 0 0 0 0
-0.189873992333987 -0.664413355532332 6.05857364142804 0.0370035846182563 0.707101975370692 0.706142712544581 0.00252941504884388 0.706558120218492 -0.70765049575563 0 0 0 0 0 0
0.27992873170397 -0.378187933701518 6.33989743363342 -0.284751089294793 0.321875760910604 0.902946737986328 -0.0245765730100933 0.939180786240041 -0.342542614306164 0 0 0 0 0 0
0.0469064370468022 -0.888868229284498 6.51277277946632 -0.506116998967729 0.725203757237883 0.466824476957691 -0.0116292051192206 0.535480401490899 -0.844467584118644 0 0 0 0 0 0
0.593607335905494 -0.746229407020522 6.71050141658869 -0.803158150860991 0.241464908730028 0.544639038723033 0.102577359856503 0.956577952545252 -0.272830544248639 0 0 0 0 0 0
0.861991678787451 -0.626267526066627 7.34434086434388 -0.911155315150545 -0.171896450182061 0.37449646464682 0.155201906954525 -0.985066293709107 -0.0745437120949226 0 0 0 0 0 0
1.02223149678276 -0.397411115771419 8.1319771590988 -0.815052085025594 -0.333002707807525 0.474130040337497 -0.546182623632522 0.16855015470447 -0.820533598905329 0 0 0 0 0 0
0.971575078043967 0.0150666161347246 8.49903929200444 -0.442032828979605 -0.831698827930392 0.335982198178922 -0.760980015022657 0.149404847279814 -0.631337950854715 0 0 0 0 0 0
0.709926622523858 0.0320174703404064 8.99472895667363 0.166835662700496 -0.956431196600683 0.239593877097647 0.277270212998646 -0.187683679552457 -0.942282370194803 0 0 0 0 0 0
0.250537714613908 -0.112832573750175 9.29145115606567 0.733491039089958 -0.54046889717512 0.412170191360129 0.340759968306329 -0.232286622407336 -0.911002507694946 0 0 0 0 0 0
-0.0912494503824674 -0.366822237906959 9.71341258324646 0.894527641970184 -0.248893666666552 0.371311513947252 0.234266406149194 -0.44642177698832 -0.863612672420252 0 0 0 0 0 0
-0.181896014376433 -0.721916167862631 10.1644231809019 0.795006825628061 0.504886864751012 0.336234145870096 0.588010837370378 -0.505252158020126 -0.631635584687774 0 0 0 0 0 0
0.263513959750853 -0.721104342323244 10.6165894292705 0.400979027437688 0.781118235873786 0.478612703601782 0.81255199835964 -0.0619886162103546 -0.579583178228107 0 0 0 0 0 0
-0.256190706492986 -0.738336934079001 10.7446903348164 0.561106688349189 0.820215875644014 -0.111378640821235 0.574732221149868 -0.482887629959437 -0.660683290846883 0 0 0 0 0 0
0.157985322250358 -0.754616494234284 11.1421706770745 -0.0259764752347347 0.999352441088698 -0.0248982145066218 0.650213442486208 -0.00202745022025231 -0.759748885222635 0 0 0 0 0 0
-0.336485913701617 -0.572414654103511 11.2373929178302 0.0801273088253877 0.792624486978588 -0.6044220685278 0.714779549633774 -0.468321936043608 -0.519388832699165 0 0 0 0 0 0
0.113264934114782 -0.679028850392093 11.6811207085254 -0.403302751603223 0.825187386323528 -0.395490414482968 0.597903794220951 -0.0895455163904312 -0.796550471299388 0 0 0 0 0 0
0.321925357291425 -0.110093864251816 11.8046332888727 -0.875718523578125 0.446869760810068 -0.182823642117817 0.128307830794566 -0.149651604501428 -0.980378242218849 0 0 0 0 0 0
0.0192700319995534 -0.264501552656171 12.1981032090192 -0.697046273873918 0.096872352526812 -0.710452137300172 0.707002056203613 -0.0722433471917569 -0.703511898485282 0 0 0 0 0 0
0.239867499543305 0.268157856367395 12.2347730630568 -0.93918704965683 -0.237017217010749 -0.248496528079176 0.277706691431911 -0.0985394996769056 -0.955598744518302 0 0 0 0 0 0
-0.0851617076495338 0.455270679143787 12.6933471997295 -0.599209328009686 -0.714427843439499 -0.361304632809401 0.188921887383226 0.312369635017107 -0.930985355190354 0 0 0 0 0 0
-0.546963042826528 0.564374649868817 13.0245458952254 -0.194900027388268 -0.965361448051479 -0.173468307673493 0.00352080815198911 0.176170197699832 -0.984353425018827 0 0 0 0 0 0
-0.794230633794362 0.373540212526187 13.4917344078261 0.386505100554312 -0.858298299139361 -0.337546791882306 -0.31792420033543 0.219567248600141 -0.922341816325964 0 0 0 0 0 0
-0.840277380931158 -0.0102530098615574 13.979065757209 0.813387158357053 -0.349065295742304 -0.465354434430064 -0.290768334998844 0.448898585021315 -0.84495197237632 0 0 0 0 0 0
-1.01171957408421 -0.0770069868696126 14.6504687211272 0.756067639392464 0.167059379260242 -0.632813469796157 -0.654316462405663 0.215420316270756 -0.724888994012792 0 0 0 0 0 0
-0.703657624034032 -0.448405910908392 14.226862925572 0.913560064703544 0.34044985006344 -0.222490241831274 -0.36959228722999 0.466646091425779 -0.803519113994856 0 0 0 0 0 0
-0.62180088370836 -0.497292196585207 14.8091214140913 0.57294737324141 0.734796378144603 -0.363050395959968 -0.764775832596243 0.320036751727806 -0.559190846936782 0 0 0 0 0 0
-0.339103418317165 -0.849844823603235 14.3383211315566 0.64833605811304 0.738781344239128 0.184017610310715 -0.411053974170754 0.543101891492169 -0.732171404559906 0 0 0 0 0 0
-0.1461267985458 -0.767832561117189 14.9293535195935 0.1932593119988 0.975744757806424 -0.102825121341638 -0.810791460577766 0.0998081467025644 -0.576762985171195 0 0 0 0 0 0
0.105641366092664 -1.07718657598739 14.517778406207 0.0865955974354393 0.899834188963907 0.427550738080472 -0.529447275362322 0.405108271884185 -0.745367607281485 0 0 0 0 0 0
0.372671331854568 -0.778140110746392 15.0689697781043 -0.367256621749515 0.884312696699026 0.288294342955512 -0.635238349540752 -0.0120639202609613 -0.772221924756943 0 0 0 0 0 0
2.19361798907605 0.589646071843683 18.5993576942802 -0.632761296923439 0.774243512993798 -0.0126539396091376 -0.374242910558914 -0.320079731233971 -0.870339709064922 0 0 0 0 0 0
2.07428455544911 0.670291524315028 18.7313222041389 0.68406635339272 0.370019593586974 -0.62860060807537 -0.148809767477663 0.914451640160072 0.376342730563362 0 0 0 0 0 0
1.31149409581799 -0.245076467216091 19.2050793748239 -0.485950362554644 -0.545279380506935 -0.683024627874117 -0.81271672836697 -0.00552482287149775 0.582632813794602 0 0 0 0 0 0
0.854376920257432 -0.069276180283002 19.32320593862 -0.100136497427879 -0.934675393679306 -0.34110788635249 -0.736173404132615 -0.161030990463047 0.657356630018463 0 0 0 0 0 0
-0.231448930042315 0.433077184176394 19.364260093283 -0.960822112773738 -0.112111361744386 0.253479604374099 -0.243192024622924 -0.0977125933594868 -0.965043982537743 0 0 0 0 0 0
0.46811983192497 0.683279186506417 20.3587194681052 0.335401804932674 0.255023951601282 0.906900442761571 -0.934518105432058 0.211755111543096 0.28606936565757 0 0 0 0 0 0
-0.332754528274253 0.71491636066928 19.7474649477792 -0.521731764412266 -0.800020375847987 0.296248821370526 -0.20270387909228 -0.221060666997302 -0.953961906420091 0 0 0 0 0 0
-0.509752147185829 1.7726923163829 19.3352425397255 -0.258589926645854 0.699870943871064 0.665816725319857 0.769218504801353 -0.267743287042159 0.580186542467214 0 0 0 0 0 0
-0.730591362248722 2.03093298490575 18.1112075951315 -0.0764460002334794 0.594017781845257 -0.800811390913583 0.636664790801503 -0.589027465403365 -0.497699295743224 0 0 0 0 0 0
-0.78388021895697 1.69450862539175 17.7669437424033 0.541762956420157 0.73082867713141 -0.415189527388565 0.522861483863345 -0.679780382543844 -0.514309731707914 0 0 0 0 0 0
-0.508540991621755 1.5097266329193 17.4083885205135 0.607541973248405 0.794125181126409 0.0160606951001883 0.606534000728632 -0.450780921298017 -0.654914548689881 0 0 0 0 0 0
-0.507382814256392 0.93897307880973 16.8982440588972 0.517712016447375 0.854833031035795 0.0351390913520774 -0.349886491357592 0.174063996100961 0.920478771192217 0 0 0 0 0 0
-0.268602312674988 0.492855068371357 16.6104628005643 -0.678683510355608 -0.317579479013031 -0.662217462153633 -0.138822735170732 0.940892519544098 -0.308949048719216 0 0 0 0 0 0
0.294790242814326 1.15034534866396 16.1949616577468 0.874228623539857 0.472544320601645 -0.111472765550667 0.389442900543267 -0.54540116168933 0.742207383017444 0 0 0 0 0 0
-0.00130152727828647 0.301182184103794 15.3619975338825 0.293695977819975 -0.925628345028385 -0.238652130518225 0.505846261388157 -0.0613429491993418 0.860439772672862 0 0 0 0 0 0
0.429037625714034 -0.0780166506040645 15.0632600454349 -0.288650165669138 -0.789287641800413 -0.541946584325364 0.26431063061522 -0.609734627913538 0.747237294308322 0 0 0 0 0 0
0.174474296405045 0.388307977191679 14.796679578159 -0.258665597817536 -0.965955726000243 -0.00465215806493057 0.529592444668338 -0.14583979768981 0.835621083716842 0 0 0 0 0 0
0.485401195654316 0.00903939035322681 14.4736654204855 -0.717602096655523 -0.692124226648521 -0.0775324814493938 0.208128836349691 -0.319353478667316 0.924497562533354 0 0 0 0 0 0
0.0950177959452893 0.307440177170811 14.2805905213703 -0.524260722675793 -0.7346701962683 0.430593074982018 0.667669447378322 -0.0407742601075926 0.743340412002523 0 0 0 0 0 0
0.367313948606193 -0.0691894939847787 13.9258403974736 -0.915137017559694 -0.241580527496433 0.32274306768746 0.379621975832084 -0.246941635675845 0.891575562705897 0 0 0 0 0 0
-0.159986033039011 0.134484968122045 13.8058986777797 -0.655554555940506 -0.105055985761045 0.747804428965212 0.743267021887932 0.0852039753908248 0.663546845877217 0 0 0 0 0 0
0.149640921672848 -0.356544891378784 13.4404372611137 -0.826345419739166 0.243233798423269 0.507927716895762 0.450710723690902 -0.255130031679472 0.855434690739795 0 0 0 0 0 0
-0.234384199135676 -0.6172815181856 13.071302890487 -0.494019697366757 0.81039301695925 0.314972533092189 0.149151150787114 -0.277905076977858 0.948958746416209 0 0 0 0 0 0
-0.68325299496178 -0.585579763917664 12.8338809734374 0.0957203348478347 0.985604396460731 0.1393613640372 0.2857755367892 -0.161320448748377 0.944620587976684 0 0 0 0 0 0
-0.838107542729381 -0.425798339398645 12.3097891827674 0.645776802378093 0.694033256003884 0.318261152175484 -0.249611241223648 -0.202025059247488 0.947037540797508 0 0 0 0 0 0
-0.894111296958247 0.0254383984496186 11.8884226290595 0.941791193544774 0.190776436049002 0.276827920945143 -0.209075912026652 -0.312470974592938 0.926633235333507 0 0 0 0 0 0
-0.803334255009212 -0.0150665057290393 11.3612488729621 0.670300261400219 -0.20206739645525 0.714049246775143 -0.740014745335664 -0.110098952987554 0.663518196581866 0 0 0 0 0 0
-0.751436211060857 0.466514983166406 11.5641852062418 0.834353296742482 -0.49749391317224 0.237390777662456 -0.331035500105233 -0.107865914724618 0.937432899968233 0 0 0 0 0 0
-0.3650037137345 0.311690140797486 11.160994207519 0.412021241569726 -0.785707773514265 0.461412820700221 -0.851926374430569 -0.152561977530617 0.500945401750461 0 0 0 0 0 0
-0.145857711228353 0.425015713162759 10.5873078453692 -0.0915007073288837 -0.836773079906621 0.53985037916762 -0.814425878335371 0.374833591682493 0.442956279613711 0 0 0 0 0 0
0.1565526390558 0.432795044270297 11.1246978478069 -0.00650743287628603 -0.999939844712743 -0.00882942545787861 -0.754995799142902 -0.000876678922265009 0.65572903995926 0 0 0 0 0 0
0.356512035456517 0.273325539139555 10.5896133542073 -0.516482838775184 -0.846808798384861 0.127123310825518 -0.634754032308428 0.478258692813587 0.606923340438634 0 0 0 0 0 0
0.765336960930461 0.266814433581522 11.050807664342 -0.455280901698252 -0.830076054178073 -0.322014044211562 -0.770238886275686 0.185785266176676 0.610094986726499 0 0 0 0 0 0
0.780179636520854 -0.0890773497646877 10.5709526029714 -0.776610823587764 -0.529252231066339 -0.341712896086202 -0.61276340302735 0.508661866438331 0.604800890082261 0 0 0 0 0 0
1.02379699494819 -0.478067255854438 10.1231109399775 -0.939751396045378 -0.0156827689955871 -0.341498703222342 -0.328561270800252 0.317334345808352 0.889576530872599 0 0 0 0 0 0
1.00127466193683 -0.870899954377315 9.79546079417064 -0.624817289907855 0.615760516897769 -0.480044100988944 -0.250139148748085 0.424556283678394 0.870162265256984 0 0 0 0 0 0
0.895598138794214 -1.13000358368683 9.27384745655952 -0.122153387295461 0.955136208075202 -0.269802471916135 -0.460174611763909 0.186350846856541 0.868051086356642 0 0 0 0 0 0
0.412888734934273 -0.950126626607911 9.00241505304181 0.493407656617643 0.728825221058438 -0.474723794933307 0.648658796824878 0.0552871849279061 0.759068569003571 0 0 0 0 0 0
-0.0191164466418172 -0.792177159330265 8.61074900376317 0.887502254420391 0.296359058370419 -0.352861241406677 0.413143487636385 -0.172599458416567 0.894159876805619 0 0 0 0 0 0
-0.195204591136568 -0.888081256872049 7.84146786464771 0.818579224841067 0.278431963533114 -0.502397944133571 -0.200621313640387 0.958164037963965 0.204139081933722 0 0 0 0 0 0
-0.335067922572306 -0.484943211607053 7.44484455448404 0.827293667803607 -0.162038409568495 -0.537892871250105 -0.099363938300881 -0.984607826975773 0.143785377185072 0 0 0 0 0 0
-0.545335926984585 -0.0771060487619266 7.1308746773349 0.509012904157177 -0.670482078467824 -0.539777403885202 -0.188883851336398 -0.698815856725538 0.689912522724137 0 0 0 0 0 0
-0.0454818485043287 -0.0153369224342654 7.41489159122893 0.263011094997304 -0.337973440623286 -0.903658739287594 -0.239255472704639 -0.930225962279408 0.278274103452392 0 0 0 0 0 0
-0.167275706651778 0.209256566829787 6.88139840465989 -0.132729529149963 -0.764381722261861 -0.630954399798973 -0.0759222678574206 -0.626875472275735 0.775411472323124 0 0 0 0 0 0
0.412826351573887 0.252725064086306 6.5619065878294 -0.581675905274982 -0.390637935896939 -0.713481004801632 -0.352732538242232 -0.669239980344622 0.653985936482942 0 0 0 0 0 0
0.652718463604572 0.2998958810687 6.03263376556632 -0.869040701933786 -0.00742100861802977 -0.494684937014262 -0.335194650646043 -0.726593609757282 0.59975517700901 0 0 0 0 0 0
0.918618152356334 0.129062052740892 5.43937435521912 -0.762572542268075 0.537757251910957 -0.359583447521239 0.570168891941029 0.296131453727379 -0.766298634179355 0 0 0 0 0 0
0.999353785940234 0.0243243520691152 4.90794033192496 -0.492104190832124 0.869564854060709 -0.0411148223787126 0.442294350781325 0.209065603289579 -0.872162416333333 0 0 0 0 0 0
0.799311184599087 -0.0854042299234692 4.37368011327799 0.00838658019482911 0.982902026938732 0.183938224663884 -0.494136167997408 -0.155843309429932 0.85530246715456 0 0 0 0 0 0
0.534839302157254 0.120862869941504 3.94510341631897 0.613966038930146 0.727108404448751 0.307179216242345 0.0519147044071784 -0.425518196123947 0.903459533219705 0 0 0 0 0 0
0.378917197769235 0.553443476382832 3.62005833431589 0.983747186335565 0.0806183110856488 0.160443638592081 -0.098381478566561 -0.505483644015849 0.857209058673166 0 0 0 0 0 0
0.800406853346247 0.985868228433738 3.78758105238242 0.895017502117235 -0.0548625685575566 -0.442644065140454 0.302793832881471 -0.653954448650446 0.693296093426344 0 0 0 0 0 0
0.493351467824528 1.06501495233532 3.32265659295776 0.868632145922984 -0.495456644869487 0.000952912124295545 -0.293640098518493 -0.513257349374675 0.806438085549913 0 0 0 0 0 0
0.867681854836635 1.47843410752583 3.53047679067832 0.588576363453819 -0.538618501618222 -0.602883051011509 0.183372387955425 -0.637353299429597 0.748435260002344 0 0 0 0 0 0
0.822276394764187 1.46224823589068 3.02291644341554 0.42664370154964 -0.900373579113867 -0.0854550641382462 -0.428422777467236 -0.284409174090446 0.857651062441424 0 0 0 0 0 0
1.11880894904214 1.83551475953387 3.20985194223029 -0.0156393739094563 -0.786200512620397 -0.617773553865777 0.101342518171706 -0.615913780356885 0.78126814162898 0 0 0 0 0 0
