t = 5000000
b = 47.977462 47.977462 47.977462
E = -1.23877857338518 -1.3861000411587 0.147321467773517
-3.76983266243846 -4.38457136092691 6.06915616612795 -0.68414534927494 0.658191756746642 0.314211317912703 0.181529480211945 0.570922475323548 -0.800683817045665 0.135066505631123 0.730872731118036 -0.0787683406187238 -0.164816781973792 0.60745107653689 0.091776350564573
-3.3209383779594 -4.27993892931666 7.08720932701064 0.974565061036917 -0.210737146249769 -0.0762417004466309 0.224099423089152 0.914064480310198 0.338031913022319 0.0483846276988863 0.338131736798571 0.622814593138262 0.199065725406466 -0.0761544543569222 0.601386015780952
-2.97542359624648 -3.92125300877211 7.45994799217482 0.595031091345532 -0.0255876086031418 -0.803295259898719 0.158513033010564 0.983596898413577 0.08608576947716 -0.0941984716947999 0.65401821183446 -0.0547760454636294 0.275924313225559 0.15416877555002 0.0941394709972704
-2.64781068510347 -3.5810044150339 7.51518344276043 -0.164122296276858 0.187669656256979 -0.968423446081854 0.0679063882262972 0.981556302199459 0.178706311194184 0.325854917126768 0.37893016555566 0.62959545811986 -0.258692709163933 -0.336758878434093 -0.0755995626624329
-2.37246735482937 -3.21764199350737 7.52146969078719 -0.786342986610506 0.277231148486532 -0.552093830161409 0.146617934620047 0.951872293436507 0.26915110531317 0.681118608728756 0.396745808154325 -0.0916096454382234 -0.0254817251418794 0.272449805512068 0.0803078829814951
-1.50463285334213 -2.91423436561823 7.37252712278316 0.834027462799755 0.475342860701418 0.280084551451977 0.125042023714822 -0.657299640524467 0.743183473111959 0.484005764637109 -0.336638541440893 -0.1780900917266 -0.0885117149390599 -0.380279133591762 0.532720575835902
-1.18133778817189 -3.31963082374469 7.62253092227863 0.369098476466724 0.807949718243073 0.459329475786164 0.0096089538138603 -0.497517726979386 0.867400587551688 0.590914835487846 0.53633626437248 -0.325328341612304 -0.223311535160055 0.0980798837603442 0.533042647171984
-0.882345587177262 -3.50613203692438 8.08924074463716 -0.19980195657246 0.919406690245576 0.338777974279461 0.313353272517199 -0.267636090715965 0.91114249677306 0.0354637976597609 -0.151981602526397 -0.571001686671238 0.40564281646359 0.144952237503355 0.300844356571065
-0.53561196402192 -3.43174482979003 8.50916655175009 -0.779041318263931 0.542214048909021 0.314799220679643 0.299060174458262 -0.119933956075257 0.946667237286188 0.482761322665862 -0.232028329093698 -0.517765453134768 -0.122980938783043 -0.535396784206753 -0.0239733672250717
-0.314653190439986 -3.14843307043315 8.81604520649528 -0.943534870368244 -0.107189417332189 0.313452351914604 0.301722925854315 0.112578774096275 0.946725565008189 -0.0247493266071332 -0.241004886926225 -0.0444517714396363 0.509467721025612 -0.197189656253128 0.346342674803168
-0.299169727416608 -2.90431019740218 9.37890626421116 -0.74359941941374 -0.657767353519255 0.120008383046952 0.217695340176996 -0.0684687360977324 0.973612228257946 0.188190570000187 -0.119870582146112 0.159736690594655 -0.15078304248488 -0.306988748328766 -0.844012089176152
-0.491892533519143 -2.83183981837655 9.92437215811168 -0.405820662165989 -0.880895157205361 -0.243584297842679 0.223910360179636 -0.354221740021448 0.907959860605893 -0.181807930090997 -0.0328723125880861 -0.0782729966447286 -0.184612236070234 -0.400333872519677 0.0146269482313133
-0.842225509000735 -2.95563790408266 10.3363828617477 0.342318794807169 -0.865533706815707 -0.365608045345624 0.0789135856116849 -0.361257432845656 0.929120935000037 0.248407185143984 -0.267587180986255 0.0207108267943395 0.682532027698479 0.135530844503204 0.400173255411715
-0.998390168770523 -3.38862986234206 10.6790864616322 0.813453819181881 -0.44273542458164 -0.377197862679585 0.113873695278636 -0.514739045193904 0.849750843846024 0.180690670803733 0.174476771484557 -0.0202052931262906 -0.268091792133745 -0.281586815135955 -0.751696402729952
-1.02184576784304 -3.87134652200393 10.9279050487637 0.976492559020163 0.202174904527059 -0.074750185000774 0.175232475650857 -0.542633210235701 0.821488148804499 0.0709605880051914 0.146882577392508 0.174366816821638 0.568386447119094 -0.0414716356168433 0.289971364767058
-0.819218621456233 -4.32724018415701 11.2741920781418 0.773589339225918 0.632028005668579 -0.0458272050233568 0.291435435803816 -0.29062902602441 0.911372676505593 -0.390653581086826 0.121360635120894 0.151828614511599 0.145501127810739 0.334665127201289 -0.361690345589253
-0.472719157128261 -4.581849814778 11.5871631400117 0.2390156759346 0.96919083711881 0.0595031749363978 0.447704311455661 -0.164372485216191 0.878943988876237 0.168137510254091 0.167794395057136 0.0155390706385782 -0.402142038414104 -0.445483973614078 -0.124995598119108
-0.0318954307197896 -4.5725965057023 11.8887028638834 -0.477835801767713 0.851767791784992 0.214859427291005 0.174711244603866 -0.147554894026931 0.973500659111248 0.369871908441777 0.728848878426049 0.271128575299922 0.0710878281111983 -0.137922635927997 0.178002326438169
0.293304437665719 -4.49417894172766 12.3206613724903 -0.881894326726202 0.458079320630559 0.111470768750274 0.0191759246395825 -0.201394574621733 0.979322474526968 0.210587515058446 0.419321141527748 -0.398569484077266 -0.00387715712113842 0.0339485081846334 -0.142491985032118
0.389751371892181 -4.27158900326699 12.7681826790218 -0.999699064176468 -0.0173634581908393 0.0173288576836951 0.0155682108832917 0.0968556529140357 0.995176673968462 0.070637884807804 0.0365258892418882 0.401908090453997 -0.436079452979113 -0.0896896821198795 -0.268987150191389
0.380515093240286 -4.02048766683518 13.2069344787611 -0.926048867619042 -0.377184665733539 0.0128538956723962 -0.0880940073201753 0.249151932705656 0.964449459669637 -0.19627921287924 0.261241223130038 0.126802759649463 0.255600644372618 -0.121368449031323 -0.376018374327457
0.228419919908225 -3.639572803069 13.5377763377117 -0.478681239382388 -0.875223754772498 0.0696250677448171 -0.0467266124115117 0.104583466513709 0.993417798408462 0.0437652791641082 0.155440740195221 0.297746558871287 0.139227453387876 -0.0430880127281881 -0.0103039058387938
-0.0510921723584254 -3.54400948348105 14.0273080544885 0.0295799553139657 -0.997792954612919 0.0594495228303223 0.0614332473330681 0.061177882023242 0.996234522010718 -0.25187146269987 -0.325050289532179 0.0595420138268857 -0.0172321050430341 0.143759624854422 -0.0281867345554627
-0.387520083452257 -3.70955817045107 14.4187894083527 0.729030484042426 -0.679898597429131 0.0790724370363865 -0.0893863896684684 0.0199657475949894 0.995796888045796 0.170225070131903 -0.312527896950211 0.244070969222134 0.0577062785480055 -0.127277311447603 -0.431260506226798
-0.519541442652959 -4.04775008240952 14.8507207770622 0.993086873480661 -0.105490274541943 0.0514806930288623 -0.0462734086976715 0.0512308606819459 0.997614239107333 -0.209393448546151 0.0132313183695398 0.954719407686796 -0.0101121567470798 -0.194022054196756 0.054689753511091
-0.485827487505828 -4.22335919338441 15.2964321568672 0.930735131900828 0.359923820455065 -0.0647067042448066 0.0959282571298615 -0.0695506228949358 0.992955427160727 -0.637526009732813 -0.355215642255695 0.0654033949205703 -0.138912465320675 0.568575949383699 0.310052637247957
-0.17943009154925 -4.55495793669927 15.6585866987424 0.526774200559871 0.848647532809959 0.0480240211151691 0.10790603631678 -0.122807241274209 0.986546840647431 0.0531768179697687 0.101833954914752 -0.137114147084435 -0.257140435430019 0.137104205197177 -0.00669511911582598
0.218277391051876 -4.7276213332335 16.0502776373958 0.0634691958505618 0.996918278311318 0.0461043096499039 0.175775621586096 -0.056642179083635 0.982799366292884 -0.296920273541434 0.539502578781535 -0.114534591891095 -0.0393789952717896 -0.0648890063710553 0.0489270444089146
0.577700523859489 -4.66509839701605 16.4612407086893 -0.475312990019834 0.87668186723621 0.07420555074866 0.235238190588319 0.0453610182537772 0.970878659542377 -0.227118796239239 0.251684830810207 -0.155091289291038 -0.194950975891048 -0.184619045379967 0.268137014474126
0.828578981621088 -4.53581094744251 16.8804368176544 -0.864878076614609 0.500185668933927 0.0424288720629265 0.217038868073613 0.296389839729475 0.930079132467015 0.00423610350786006 0.0446496247727378 0.300500159839283 -0.276935079587093 -0.102395160041015 -0.175939214900643
0.965982165866486 -4.15671351824562 17.1218845470846 -0.951361612954394 -0.0706031199505344 0.299877109366091 0.256601746557691 0.357072649451451 0.89813955855116 -0.191639561230293 -0.25450981308076 0.199319920457844 0.118453310947617 0.48512649312073 -0.230430460628254
0.973639595926013 -3.74393332383277 17.4836919840672 -0.78318865829306 -0.551133047158797 0.287867833728166 0.202509247220844 0.211634187747921 0.956138575377334 0.161583702287183 -0.337086906096787 0.750418567519885 -0.169351084171576 0.202157789762635 -0.107387267269238
0.783101381078868 -3.46950268869877 17.9951396282495 -0.150123551324415 -0.976508128480185 0.154579410938168 0.286374073942658 0.106699118608229 0.952158173758184 -0.0113915727461101 0.131100909873538 0.0670893371205866 0.440814678674021 0.103602127055106 -0.59822760396514
0.566132949843254 -3.3822940482487 18.4775994240814 0.292528045744924 -0.956083827882868 -0.0181949499582924 0.108814341499583 0.0143776395061388 0.993958109013409 0.614843678109469 0.134335815542448 -0.109814559090892 -0.738960968955884 -0.00592188692278794 -0.589910946121951
0.305916369212315 -3.57728351421578 18.937410028499 0.859618735411805 -0.507691297743142 -0.0574906594579386 0.124922409432377 0.0997343343434151 0.987141050800085 0.260518045420794 0.0753852380917027 0.113314137116776 0.0808815616456095 -0.0540010684182049 -0.0122609170798767
0.340648852258942 -3.9091478569329 19.346670029344 0.985142470424994 0.128550996902626 -0.113881315509615 0.117177520896785 -0.0183512974950742 0.992941417439901 0.158733895405413 -0.225810917825004 -0.404759762629078 0.62206758910817 -0.520799717775055 0.25613866477888
0.554821404787621 -4.143008959121 19.7920338245599 0.826578265386671 0.483686100981302 -0.287777912349409 0.302781051171932 0.0488677392376545 0.951806481947455 -0.138338332266332 -0.00373848093858528 0.0460332903226418 -0.283744732450456 0.275359008148732 0.152010149886776
0.918756657169445 -4.29154104773058 20.0714938073062 0.259708569975495 0.963943807346426 -0.0579982305542747 0.405568421432843 -0.0543696897391353 0.912446268174626 -0.242848411180271 0.355913321840735 0.131726570219483 -0.446000320234192 0.126768197593051 -0.0830618383979886
1.38321285795529 -4.20846323187128 20.4337364644491 -0.297302193744319 0.953197524297073 0.0550080439007233 0.477949570043726 0.0987026340767515 0.872824150853404 -0.196562806156521 -0.0592726175824971 -0.176411157738535 0.180531984836583 0.0199774500575427 0.440156721660909
1.79718955516473 -3.9344982974614 20.6747597346262 -0.752144888878888 0.621201692857515 0.219969367263042 0.529084017016139 0.370237748383581 0.763540511290541 0.0303602152913274 0.253431263137713 -0.0249689499482216 -0.596086797919428 0.12057259860226 -0.0724490936920053
2.05169924027861 -3.46837186390673 20.872464324058 -0.888174233886923 0.0566044928389246 0.456007083547756 0.450773703528813 0.299888029569386 0.84075575313779 -0.0050727317124518 0.295762180850921 0.591560792775504 -0.256087068444151 -0.313968044589513 -0.468120161778272
2.07219945510801 -3.00982014407582 21.176351019054 -0.639042416383185 -0.570623429248037 0.515765151989713 0.423632692778352 0.298569168083412 0.855214472198297 -0.0535288428078048 0.00236633799040815 -0.114056586105466 0.18957023032689 -0.438473490807909 -0.167798696799151
2.22225121138119 -2.83722981779174 21.7034146392216 -0.431073468185484 -0.894425436986664 0.119074776968111 0.420417944801231 -0.0823282856649999 0.903587740633781 -0.333219138108333 0.0440474374941461 -0.58233683747246 -0.0478872478621573 -0.447986127110106 0.0397719223788663
2.05128792150673 -2.7905201012718 22.2503905453531 0.160702594298499 -0.973394705698726 -0.163332246073978 0.466766191855049 -0.0708581715908117 0.881537543939733 0.0142626668783133 -0.0403045021520091 0.300465082758119 -0.635422186283291 0.211240292776314 -0.751430183889385
2.02811374477367 -2.96151998600602 22.741848220327 0.58161328831932 -0.690470585127239 -0.430088774116522 0.429947924679787 -0.187902447969862 0.883084057146471 0.208963332030531 0.16946707511553 -0.154283714986622 -0.464050510513352 0.446241602507577 0.109704726975605
2.10910377826531 -3.24488841628288 23.2084747271769 0.801742029089391 -0.248210345748508 -0.543692322863333 0.544939282042848 -0.070019798389436 0.83554677075546 0.104657997761564 0.37263163366132 -0.308828064444372 0.35665351825217 0.224358637610539 -0.477401033674751
2.45171359333631 -3.53299012463294 23.5671331614174 0.711093306050186 0.323877031423207 -0.62405927488303 0.675725182257964 -0.0695596726044432 0.733864381189482 -0.176513728572747 0.461070506141134 0.418381192593415 -0.106446886497445 -0.416104418402727 -0.53076605184524
5.93392861003469 -5.25152112652573 25.801287412211 -0.664476093205404 -0.339376186972829 0.665804268199698 -0.742933881476479 0.203721256524322 -0.637610300872942 0.168554133291515 0.146378133377767 -0.604197179642237 -0.454250202515952 0.0820137896743491 -0.330481230815646
5.44711949307599 -5.47905517674398 25.5223579082743 -0.311420802197023 0.467485051262903 0.827329928545102 -0.856792922582249 0.238421575833969 -0.457231932280801 -0.216715845597211 0.0348111568044637 -0.302384112022498 0.46659794465403 0.0399672118369029 -0.163372329855057
4.85324145783282 -5.35721336179438 25.5516174494455 0.0864109292351532 0.631065900249052 0.770901407950472 -0.927023065602621 0.334359930098463 -0.169798919077562 0.0116031601438413 0.46086011878425 0.492420548258536 -0.197118479857163 0.154051453295777 -0.564904356423126
4.44258707112571 -5.29895654910921 25.7491598300831 0.332696224508854 0.933643755383875 0.132749990374681 -0.942233298754231 0.334903534320601 0.00600276942182471 -0.282720716869146 -0.237097927868053 -0.37326076518588 -0.620651244208101 -0.428445111251274 0.550778461820119
4.04045932508124 -5.11554628910469 26.0457634076719 0.36021263163479 0.758259115255838 -0.543405901434659 -0.853390837924262 0.50312226056923 0.136352734697697 -0.602728085245495 -0.41783080828192 0.169683857039184 -0.0228089068199746 0.222308906626324 0.250030695266784
3.67088197124687 -4.73461358757864 26.1002773835457 0.580202267260206 0.416549030469975 -0.699894444505662 -0.558675069967049 0.828838150417812 0.0301576701434305 -0.25763757353539 -0.0845077535614543 0.147210742703575 -0.105493771198274 0.0147570940392487 0.577397154709686
3.50490161014842 -4.72544914371287 25.3896292339431 0.7169649947296 0.555640261878713 -0.420981110782748 -0.598077606143265 0.180032266747154 -0.780955542850001 -0.56064845054027 -0.538692442546499 -0.84078869060467 0.189977064463129 -0.12322914407257 0.452808393429907
3.12299673143879 -4.4020102878631 25.1697596000711 0.933755683061537 0.159308513245041 -0.320501360171172 -0.357524587700262 0.373569124308681 -0.855933571304039 0.018511024715588 -0.0400666991111532 -0.102372766319146 -0.0248929710575979 -0.419006321930919 0.0103856733449048
3.08729124991877 -4.00033621780852 24.858338007092 0.692231551552513 -0.6188191764304 -0.371319681068484 -0.238552381838398 0.289394382506202 -0.927007902956009 -0.717007021265747 -0.505589339942065 0.254639685919491 -0.038895659160273 -0.146334878534438 0.00199764318351038
3.19138269474131 -3.81945788890998 24.4473736635508 -0.165761762268336 -0.939215814360881 -0.300660426343712 -0.0273380316343813 0.309137395037753 -0.950624375258841 -0.175742239689931 -0.34371387696347 -0.252678924735816 0.588737298997911 -0.116614440171663 -0.0539894063326834
3.46914067074004 -3.8654862110204 24.0505819287472 -0.725373597977162 -0.540533831040128 -0.426211589178583 0.367290285833397 0.219740758551908 -0.903776434266464 -0.643316981609218 0.392844532529927 0.226206670306822 -0.0199212453648282 0.223341564972818 0.316431810687637
3.56566205565196 -4.02756822769091 23.5494842650489 -0.975928549402721 0.19755650100601 -0.0923844897004221 0.134180609066685 0.209966512374082 -0.968457342992268 0.0513087473317542 -0.34300061143296 -0.0886838837784315 -0.423056477631696 -0.508904500773641 0.190798557651309
4.28242014113545 -3.5081290521145 23.181989361009 -0.270020922840073 -0.260301788750032 -0.927001445502635 0.888195230739989 0.304376604293843 -0.344186162836832 -0.622789006939838 -0.379182868419334 -0.218962858436161 -0.519867040020836 0.00416474976632767 -0.028651981012918
3.5968800510102 -3.02038644081785 23.1886737421995 -0.766855246139778 -0.412351368964394 0.491832673051077 -0.590510242544612 0.15306533292142 -0.792381635206328 0.414652660617599 -0.420144548478845 0.0854895718980633 0.18869051794715 -0.0378219755657738 -0.264729513731302
3.25227573500124 -3.10553398470039 22.8161836427358 -0.62750434838441 -0.50113740810817 0.595902333342042 -0.626191839443211 -0.130027829189853 -0.76874998783843 0.38899409383432 -0.353086029087066 -0.400594735494056 0.57031009860841 0.120545616628079 0.36057235683951
3.06947684222676 -3.4311074979682 22.516569799178 -0.803916571378476 0.182891315981041 0.565923062535697 -0.593605497707822 -0.187943478883037 -0.78250224394323 0.239667587232132 -0.211000212772385 -0.1223240973567 -0.0961608137601743 0.237788802401182 0.13545928070233
2.77441759899153 -3.75946303705122 22.3050804905707 -0.658156762365354 0.65442192328006 0.372238661771229 -0.677926639290836 -0.300071503031069 -0.67109802862268 0.19075223846245 0.0502123597066607 0.0883034689971626 -0.316420241130476 0.171388400910134 -0.291272202334347
2.30267791926509 -3.97575457749827 22.101708297409 -0.197468864733586 0.977150910981005 0.0786266142543558 -0.733828233409053 -0.0941615058695852 -0.672777626398509 -0.121204971457163 -0.512942545119633 -0.187399412920282 -0.35958498308324 0.576282517950557 -0.127628127939397
1.82740047113437 -3.95746582456228 21.8559574944748 0.270335190170752 0.946269560221132 -0.177462116608611 -0.579705933972001 0.0128209873425434 -0.814724893330015 0.186788424667314 0.0680537908097929 0.076819461688276 -0.374383216817148 0.513129870202453 0.0738270688527801
1.31764666225231 -3.76224894995208 21.6408290822502 0.666608530923499 0.681972923323583 -0.300908621118154 -0.502256922622183 0.112651057671904 -0.857349242057331 0.192849823305514 -0.151436252668774 -0.305514987060944 0.291329015818574 -0.280015056242973 -0.0969625103928918
0.954800625049522 -3.4656836288076 21.334212768529 0.943013441700937 -0.00804143212945542 -0.332657457460632 -0.332744334436486 -0.030655256287069 -0.942518680446728 -0.400102284393623 -0.713777637213246 0.0228352568614519 -0.213585867394693 -0.333844136285924 0.0322207790631239
0.922789242405166 -3.17217667580057 20.8679582218919 0.755665625337401 -0.635085881450938 -0.160110537398883 -0.239879434182407 -0.0408934691332101 -0.969941019000172 0.22835887791395 -0.499820478945848 0.646856972745373 0.173625759972621 -0.118710001172596 0.259850258351934
1.14366144385971 -3.08139160885152 20.3995475632264 0.193314866338003 -0.979462598508906 0.0572920627551993 -0.25525265530898 -0.106589800602809 -0.960981111312642 0.382249648991527 0.121178470157306 0.119691568598083 -0.499144593479444 0.1056187715006 0.0696993910860709
1.28300278368134 -3.1167572986005 19.8378813971577 -0.218117621830657 -0.946271906292266 0.238734539243119 -0.173787401930416 -0.203053418335431 -0.963621942073922 0.544396344674815 -0.153738561234317 0.302791723696637 0.0580271464109157 0.112435063136345 -0.517010741437361
1.4598329463902 -3.42499941265426 19.4516815939293 -0.751877360998153 -0.570325139411548 0.330771324738019 -0.140729513500835 -0.351305727354239 -0.925623838235894 -0.269712174985289 -0.0683903484475228 0.266846449755736 0.322515162354612 -0.0398877188010406 -0.203797377021615
1.4992212605024 -3.81313269024782 19.1960831514032 -0.986525433519769 0.0184480514656044 0.162564562303644 -0.150967516370666 -0.485610400891791 -0.861040850952854 0.000395781098812259 0.318198140643275 -0.430440962751336 -0.342313915846101 -0.379106563924915 0.0600301563457192
1.29637118393305 -4.23333197918541 18.9131938060892 -0.787749810480785 0.611805134350975 -0.071726658883868 -0.232936154085813 -0.403652231108452 -0.884763032917795 -0.809285445834953 -0.198475938983884 -0.417224758166338 0.088810519449351 0.0468008727032239 -0.00281647063118928
0.982214858056182 -4.50225271038067 18.4988116043575 -0.422272607744434 0.906468704987132 0.000573430373970346 -0.369241989447902 -0.17143119677083 -0.913384747084436 0.339871600303893 0.0415865928542953 0.0186068907497352 0.45141171034789 0.591749529197077 -0.118208353394824
0.563927761195124 -4.5877727006697 18.2106090139826 0.152786325445702 0.969373727563649 -0.192278222968139 -0.503961005087327 -0.0909394898284209 -0.858925674624167 0.107717594384902 -0.512109302758058 0.188405316135015 0.202382620906981 -0.0260400279335369 0.545767458048238
0.102236534090288 -4.48823358405339 17.8736372208535 0.673864690572136 0.672110733361484 -0.306877074458169 -0.392848126829482 -0.0258399065194542 -0.919240255758552 -0.472085755982671 -0.175977132842097 -0.0131203203075373 -0.232527934589554 -0.148735812007487 0.143008349148633
-0.193821750386135 -4.25981326961864 17.4439674218234 0.970853247028221 0.0512683817775149 -0.23412715417128 -0.229909832351204 -0.0767804972874252 -0.970178449611355 -0.333042164981034 -0.278659807685237 0.399668338593999 -0.0393356601351828 -0.106464173469684 -0.274914173451783
-0.272718773294812 -3.99866869305546 16.9498583472493 0.936974609106111 -0.338744239096936 -0.0856208052492294 -0.0163766079935806 0.202205521034199 -0.979206175406548 -0.118238647789253 0.286105723080484 0.560158494575932 -0.301462789631974 0.318557658600584 0.235056197534559
-0.0991030411988092 -3.65133044842177 16.5523646699895 0.606397805811101 -0.794635344353475 -0.028920069628636 0.128855890372141 0.134091076831941 -0.982555719847541 0.119023944870013 -0.428364888613179 0.0495187890752531 0.0731535170902565 -0.609739094318992 -0.128019506209652
0.221820764057576 -3.50121412458929 16.2002603721123 -0.0603079059991495 -0.979112769859981 -0.194167811420863 0.0822010065574878 0.188989619191413 -0.978532533001418 -0.149722527342223 0.507151479998966 -0.311896213873926 -0.137513701200516 0.430904484195122 0.118850248082007
0.49099310829272 -3.54928825565369 15.7431930424455 -0.58187905824389 -0.812528783943524 -0.0348387246310192 0.0549979359888715 0.00342590097308205 -0.998480590805075 0.268605399515197 -0.301205085496373 0.15246696593645 0.323314264792897 -0.488611740988309 -0.15146195778441
0.662075277520287 -3.80468446245332 15.2227323518679 -0.890838346731911 -0.439383301418301 0.115539399520533 -0.0584254689671683 -0.141405924788126 -0.988226101994234 0.437951287119204 -0.0362837411171754 -0.136944049376298 -0.234456153156438 0.452922240806108 -0.0394015052667157
0.648433776912334 -4.23208503416659 14.812353265489 -0.994962155139412 0.0995091958749258 0.0121749591403651 -0.0333123707904635 -0.213624009470367 -0.976347821471219 0.14133119953684 0.198137438550597 -0.0863710629168571 0.45355256141256 -0.348495979597832 -0.160972163811794
0.347851697180161 -4.6113857851927 14.4073648928352 -0.598377117317948 0.798376700598352 0.0673755840101266 -0.203251696061953 -0.0699173068657521 -0.976627010803304 -0.578199333108117 0.150131972454362 0.0901110959557117 -0.18696186038101 0.0994475030827371 -0.723883917133122
0.0228063000998731 -4.78699874990438 14.0386482309071 -0.0125119677358271 0.99927443032023 -0.0359730746087686 -0.365911636093406 -0.0380562120669891 -0.929871173358324 -0.289612831706157 -0.160633821645217 -0.234919419231443 0.164900241142351 -0.0994351071517894 0.41494754561723
-0.3930617360759 -4.6873064701709 13.7488191793834 0.516665734167979 0.838369639369367 -0.173760947270843 -0.345951941237247 0.0187776003351316 -0.938064313377332 0.424326098438954 0.0404946129976457 -0.466147583487783 -0.136228186043281 -0.143278420700762 0.72423280825536
-0.681262563557027 -4.54421312016819 13.2290329491521 0.882397119028301 0.467983103899152 -0.0486532491945071 -0.0875202604621681 0.0616560590885783 -0.994252852327868 0.102816196521564 -0.18434891292757 -0.0682625886440643 0.0537810014417923 -0.105864780008922 0.454932426938921
-0.801091224495494 -4.32027791215025 12.8619473588014 0.980294082173682 -0.0206747020522385 -0.196458822633229 -0.18842875536541 0.20074467204604 -0.961351226514845 0.193895683467735 -0.164937373961957 -0.141425865832902 0.127733071521913 -0.33715779200712 -0.076063531445855
-0.75860702945306 -3.93849663116346 12.497135286663 0.872168214453686 -0.457655647532851 -0.17284071439965 -0.0215957487202352 0.316945831500952 -0.948197744421016 -0.131163549682507 0.0933464135803671 -0.31242845855913 -0.239139785894924 0.23202841568787 -0.259384512377505
-0.533376071083609 -3.592017041965 12.2216481505504 0.388414044577108 -0.868719494275948 -0.307345033979067 0.0472262749951333 0.351860457066644 -0.934860362577131 0.282999304239088 -0.0807357955981666 -0.448249074253901 0.274169089312773 0.0124455664152546 0.33913481743432
-0.209668931424503 -3.41948778656505 11.7935596583141 -0.224643474869599 -0.953858779748249 -0.199220323596447 0.097316535475584 0.181462572889062 -0.978570808108149 -0.624768077533098 -0.0309371807534347 0.0720333054479071 -0.412644391820707 0.410054365815309 -0.517234285352721
0.0449887178452499 -3.46921257242367 11.2635381302388 -0.707959543896045 -0.703965345135777 -0.0567985643618742 0.0616758420814981 0.0184905451811316 -0.997924942183899 -0.211418784914393 -0.221770612554649 -0.425402349896914 0.391038626940717 0.000845673871009806 0.0291108880275205
0.143307736894627 -3.7427329664047 10.7838858010996 -0.990134893290612 -0.0111902371148509 0.139669866493706 -0.139784261135692 0.147586433936286 -0.979121343224398 -0.388385602942896 0.00536563453574572 -0.388779808261401 0.271797474291871 -0.0379824769818197 0.0105203857423763
0.0389115951690826 -3.9450159409465 10.2694012096721 -0.849843036449959 0.419666831084735 0.31882058097388 -0.2514330996809 0.208814605462203 -0.945080872833383 0.036689613670052 0.324482359250861 0.160910263091672 -0.219927192204165 0.294307256428514 -0.17576017112214
-0.431872016660023 -3.97442817471391 9.87332671937179 -0.316027462924838 0.834291478152127 0.451756983107432 -0.484612728757841 0.267407830647954 -0.832852661039633 0.260147599543119 -0.20150800140045 0.153298553748362 -0.0734255298637181 0.390572696688807 -0.467486187315806
-0.971050581404981 -3.92447078317373 9.68082101430099 0.366512160086482 0.914490135640616 0.171396113792279 -0.451578641755819 0.335905912024755 -0.826585717471698 0.249054955982215 -0.0761634896306294 0.241564750367198 0.131512580472231 -0.387490682365175 0.121285782537327
-1.26565452641408 -3.57416442048613 9.45439766225624 0.834197137834803 0.551318219900898 0.0127810596948807 -0.309139709266539 0.486699160715878 -0.817041349647654 0.109529363070272 0.121611308680611 0.0857726289080299 0.00745120741927499 0.66451329965856 -0.266873308116253
-1.49217583295779 -3.16766029095008 9.18334062143456 0.959842938034548 -0.152560014641464 -0.235429341817736 -0.175685426352277 0.327384001178422 -0.928414964284617 0.0714790813847838 0.0525264530027077 0.098782875023829 -0.238452286909376 -0.0331169666954162 0.302196795547298
-1.48296564063303 -2.74745192423327 8.86570615585888 0.697556823041053 -0.605482476541091 -0.383151992216036 0.0721204211126195 0.591347080078764 -0.80318570435262 0.167950584466663 0.877658760504117 0.170907996479624 -0.385932114920148 -0.0109624946651521 0.126897950454101
-1.14489345609925 -2.42211130783997 8.55774836921565 0.196148712566516 -0.849336772851657 -0.490053800031432 0.228468576924219 0.52559267898314 -0.819484254742981 0.101537880541958 -0.300198398273104 0.313657189808966 0.317209424170221 -0.463814275605219 0.131305682744956
-0.808037077143652 -2.32637595802014 8.18367500638946 -0.334734988262083 -0.856260717135521 -0.393408272836269 0.188975774084674 0.348011783778795 -0.918246129099813 0.372713367238721 0.171531660567649 -0.179969704719488 -0.52654735694734 -0.518047832753607 0.162967248348951
-0.545730873709132 -2.34034709019497 7.737612541299 -0.923461998621333 -0.307491813460388 -0.229492312731574 0.110867883174877 0.358761395309668 -0.926821759283518 -0.206566981089727 -0.497824373143421 -0.048679951425639 0.161650567857489 -0.135066775283679 -0.244810183007962
