t = 1000000
b = 47.977462 47.977462 47.977462
E = -0.783202925192901 -0.783202925192901 0
-0.147540179534877 0.427213116936379 1.02206932011107 -0.840737369781709 0.33778919750377 -0.423153793598397 -0.369610001651487 0.213057117197427 0.904430821830142 0 0 0 0 0 0
0.428763254699697 0.469905602936436 2.0873752207538 -0.525455233937505 -0.287345898522345 0.800830276446951 -0.641551073983445 -0.48442648649427 -0.59476314491853 0 0 0 0 0 0
0.761167438358701 0.98615819532511 2.79455210797215 0.65162079638028 0.339664420559439 0.678246576915215 0.697699153195733 -0.619259130297283 -0.360186092345734 0 0 0 0 0 0
0.323836060762642 0.224396338924493 2.98987129208066 -0.853333920904931 0.205856300369358 0.479003551077456 0.506636647513438 0.110580141434526 0.855038794050949 0 0 0 0 0 0
0.549344190131709 1.04349170677328 3.23443018765189 0.525061868937918 0.84955362227948 -0.0506821102237481 0.78701110773812 -0.507348403474981 -0.351014406356702 0 0 0 0 0 0
0.791891177162298 0.0985707517323462 3.87148918078492 0.461877539723049 0.199459753981983 0.864225054497188 0.700945841253419 0.514946708740926 -0.493462070199825 0 0 0 0 0 0
0.58587316802632 -0.242495876168512 4.23223949691165 0.106413574867484 0.828061022473688 0.55044626807287 0.838246620612534 0.223044635890586 -0.497587874968767 0 0 0 0 0 0
0.773277432779155 -0.436572016669885 4.83019326581753 -0.447849612449947 0.85401137958876 0.26475514725039 0.47532130016639 0.478207875890769 -0.738503140794199 0 0 0 0 0 0
0.378301987590907 -0.868389954520033 5.0208355635909 -0.266530261228157 0.929483830925426 -0.254992995305985 0.746904187108663 0.0319701538264986 -0.664162664110917 0 0 0 0 0 0
0.678103917149944 -0.476602869088275 5.35209381714965 -0.712636772337735 0.655649062661576 -0.249545861521412 0.53316574685637 0.274993492189711 -0.800070537828264 0 0 0 0 0 0
0.169463540228372 -0.692838020019309 5.50178240586653 -0.4603682727176 0.446804575823621 -0.76708977601397 0.846695018179646 -0.0386763258110953 -0.530670979001085 0 0 0 0 0 0
0.528765920862719 -0.284539885817438 5.81996049325783 -0.855684680895679 0.11228340966447 -0.505169438705086 0.51325249615632 0.0593597954644254 -0.856182392665223 0 0 0 0 0 0
0.40946502724722 0.313833647496686 5.69893850065881 -0.979372926268358 -0.181338090104075 -0.0891356665743274 0.131503037066927 -0.237089152788244 -0.962546458497872 0 0 0 0 0 0
0.172660738219287 0.0618132107612581 6.2067502036849 -0.603308925714759 -0.637047351858856 -0.479780169939867 0.682479020297964 -0.101165410447453 -0.723870117129868 0 0 0 0 0 0
0.195195797282085 0.627515596201803 6.06068483872941 -0.622256677182592 -0.781998476495919 0.0357072886077151 0.115169378688985 -0.136570312388626 -0.983912884348346 0 0 0 0 0 0
-0.193016666972009 0.731915662565491 6.46574188868726 0.00763413515835137 -0.986897939405862 0.161165057307039 -0.121818395708791 0.15905150965048 0.979725928857073 0 0 0 0 0 0
-0.239633686824059 0.976109342044545 7.17211062344543 0.119809109506754 -0.98081615320761 0.153770773636138 -0.775061803616826 -0.189196794951759 -0.602896154668376 0 0 0 0 0 0
-0.491067623140391 0.495238656460891 7.5552877941967 0.554545483081162 -0.787933425086771 0.26765691395862 -0.15891121930576 -0.415995320382613 -0.895374289070055 0 0 0 0 0 0
-0.334172979764892 0.964910758112246 7.8278827001701 0.518550822660193 -0.798381377921585 -0.306091848144469 -0.640719837760631 -0.125767791740351 -0.757403823573208 0 0 0 0 0 0
-0.470955526472874 0.446012906662318 8.07913244772254 0.925078018059113 -0.360954428705869 -0.118078613424275 -0.258614124187549 -0.371033205444782 -0.891881771767806 0 0 0 0 0 0
-0.21140598365582 0.855841906207587 8.36265135727158 0.693390077197949 -0.384659996976853 -0.609300326209377 -0.691671519285453 -0.118272956989757 -0.712461940748309 0 0 0 0 0 0
-0.281109401272784 0.300076810551019 8.61983021856844 0.944051692977132 0.0105523444573155 -0.329628653118513 -0.299634610022027 -0.390137829024399 -0.870638601732131 0 0 0 0 0 0
0.11750293858443 0.665916322163795 8.75760081614486 0.542578831040529 0.174197601435647 -0.821744125444519 -0.773622913247325 -0.277526884834381 -0.569637091640425 0 0 0 0 0 0
0.147734926239903 0.0948395029855575 9.09690647195878 0.565834759364282 0.601772123860865 -0.563650011853094 -0.436622668181726 -0.36120424323707 -0.823949112635818 0 0 0 0 0 0
0.0770622410806017 -0.783116622535744 9.86701441072195 0.344178400275582 -0.841247702063263 -0.416945477144221 0.379295435963745 -0.281649364703085 0.881367464322934 0 0 0 0 0 0
0.214246417247858 -0.143234110344387 11.0273056821057 0.435279277007796 0.710724642707707 0.552632276617173 0.0194648346518905 0.606261515379549 -0.79502710339353 0 0 0 0 0 0
0.0703654379917249 -0.74556899067742 11.2537614232578 0.117092652057385 0.931511478482658 0.344348190402625 0.259405676059002 0.306008666103962 -0.916006218039966 0 0 0 0 0 0
0.5160115594712 -0.382761339510871 11.4045435214971 -0.223090644731394 0.788813094516353 0.572716741533657 -0.106655181217687 0.564244560021224 -0.818689653499229 0 0 0 0 0 0
0.351953846639358 -0.765890228862148 11.8492067335083 -0.604281094979444 0.796770565946175 -0.00101097984234036 0.124914539504117 0.0934834931229076 -0.987753610113228 0 0 0 0 0 0
0.806072866507157 -0.444676578090224 11.8634326664559 -0.803978215483228 0.467795833812607 0.367132247147768 -0.120408724978968 0.476531579462412 -0.870872776428365 0 0 0 0 0 0
0.495368407480149 -0.589530555667274 12.3619632365156 -0.925038025511177 0.332918240405865 -0.182948343609689 0.287857592970992 0.300064144333857 -0.909450117065163 0 0 0 0 0 0
0.441868468313243 -0.0800538397274764 12.5947365732029 -0.972564765361911 -0.212516699110832 0.0946278480304324 -0.146443578961712 0.243238010935313 -0.958848031860957 0 0 0 0 0 0
0.321318123930988 -0.547041396268938 12.8910210977723 -0.851759456873129 -0.0601395444106807 -0.520470040231381 0.47597671102046 0.326370513233697 -0.816656879378678 0 0 0 0 0 0
0.287267929745442 0.00691011890457105 13.1213679631397 -0.747181705592372 -0.633976236945208 -0.199483406827344 -0.0165931310535816 0.317847388578423 -0.947996680137009 0 0 0 0 0 0
0.0910310465992236 -0.0235737706143979 13.6237290336257 -0.23032088844521 -0.868738373694056 -0.438458580047603 -0.526329116014003 0.490191017889393 -0.694759258748381 0 0 0 0 0 0
0.21936670563317 -0.426280465576859 13.9794334241366 0.147477630573839 -0.612804914657866 -0.776350748692979 -0.895325252902763 0.250832342389136 -0.368070410935793 0 0 0 0 0 0
-0.162952522008465 -1.01169065657558 14.11110691883 0.516350100705361 -0.655588697088891 -0.550986418804486 0.622998339812717 -0.153886813787421 0.766936709974911 0 0 0 0 0 0
-0.619160296265856 -1.29411792502267 14.6621678835113 0.762823925351921 -0.530230606009938 -0.370074537367241 -0.491766018285147 -0.104122751978118 -0.864479401567889 0 0 0 0 0 0
-0.678560240126184 -1.77698243017917 14.9680147483247 0.975335282723775 0.133553729220617 -0.175739828824158 -0.190552038330407 0.107612584967255 -0.975760960600036 0 0 0 0 0 0
-0.892251941435473 -1.63215464394641 15.5136243469539 0.816427640689809 0.256311709004563 -0.517445857147259 -0.473087434996491 -0.216927283038202 -0.853891581304447 0 0 0 0 0 0
-0.44564307953496 -2.04819505795579 15.387967824002 0.758196369345022 0.617221264311243 -0.210181290668081 -0.307823191201481 0.0546728076309221 -0.949871447569646 0 0 0 0 0 0
-0.461245828615711 -1.74282390571401 15.8493231780883 0.356365986190762 0.750067274300853 -0.557137656118945 -0.60283601916305 -0.27099503153019 -0.750433492628166 0 0 0 0 0 0
-0.0476930499726594 -2.20155564993499 15.7717477009673 0.162427400506904 0.972650580449197 -0.166036706011883 -0.380450970609102 -0.0935259091245858 -0.92005976069892 0 0 0 0 0 0
0.0417513265581001 -1.65954610999264 16.0991754787903 -0.21354917131098 0.890457937102892 -0.401847500259698 -0.618017610687942 -0.441702980587593 -0.650348144972918 0 0 0 0 0 0
0.177784487964115 -1.44637563029006 16.6425251587227 -0.654994876616413 0.531480128581017 -0.537131812752612 -0.220452670838945 -0.814318157628494 -0.536923232703671 0 0 0 0 0 0
0.538176262596459 -1.3239638123249 16.173835938477 -0.698776409485891 0.714479783956976 -0.035073727346178 -0.562948491263313 -0.579503828157756 -0.589291361164223 0 0 0 0 0 0
0.400542889917378 -0.937787671985987 16.6557130230295 -0.967786625977941 0.221289952829625 -0.120082485367658 -0.15496409035607 -0.899453794960853 -0.408618405579171 0 0 0 0 0 0
-0.298189189087324 -0.439807651484244 23.0168802374536 0.664024760604045 -0.443258593976175 0.602156902479271 -0.744158839234541 -0.470180289165937 0.474508289174103 0 0 0 0 0 0
-0.510135421901872 -0.925687167775145 23.0745779219471 0.308244827764179 0.319910426081652 0.895903145114347 -0.518356138353659 -0.73319192586355 0.440155101775905 0 0 0 0 0 0
-1.23735766408012 -1.17773013860615 21.9787094425586 -0.53469823131418 -0.729325507669712 -0.426827957406628 0.371237412808159 -0.65647819840471 0.656672793941763 0 0 0 0 0 0
-0.42381170112747 -0.966718354708078 21.5551643304631 0.292816176525532 0.650137848174575 -0.701127281611127 -0.654335202558465 -0.398429644476342 -0.642727983646091 0 0 0 0 0 0
-1.21791010218214 -0.939460808798671 21.4984099448578 -0.849733808700246 -0.514271320541408 0.116092475477527 0.47744798961805 -0.657248314915263 0.583153555687024 0 0 0 0 0 0
-0.991148071516683 -0.597950627800053 20.5024145684117 -0.193717654900138 -0.642118836547712 -0.74172560239089 -0.80652659736635 0.534686179987991 -0.252241026110653 0 0 0 0 0 0
-1.17891609388903 -0.294095062656886 20.2179732355482 -0.553126656287683 -0.832604641712866 -0.0286428460140324 -0.821790822019229 0.550942424844674 -0.145335093072806 0 0 0 0 0 0
-1.6163695359944 -0.152832751038289 19.9323828542534 -0.347176317117649 -0.787056657121567 0.509912172096039 -0.933421558288614 0.342490083860895 -0.106886560884016 0 0 0 0 0 0
-1.82515767625331 -0.664730127161896 19.1436862979657 -0.212737343526076 -0.613047396738206 -0.760865107574923 0.0885327734676098 0.763393219291633 -0.63983805812597 0 0 0 0 0 0
-1.63145421267148 -0.485249684573979 18.7213468156842 -0.898889006357195 -0.226352809134422 -0.375183901526278 0.0914754437107905 0.740434086343339 -0.665875068555707 0 0 0 0 0 0
-1.52741423905607 -0.406341463415202 18.212865773285 -0.931332254469411 0.353109652931551 0.0890718995670893 0.229573980421684 0.759147850486302 -0.60908975336704 0 0 0 0 0 0
-1.57282005577286 -0.0938853353707572 17.788608818649 -0.437542625188499 0.569972385241346 0.695476764896844 0.221884507906904 0.817961351818355 -0.530760295348497 0 0 0 0 0 0
-0.552908166326681 -0.287564706472772 16.8676230117714 0.847034033547313 -0.0970726442332518 -0.522599509782506 0.343047230872548 0.850845833152542 0.397969804693463 0 0 0 0 0 0
-1.48796114520417 -1.1835534316219 17.0107379873934 -0.281491859572207 -0.95778438378129 0.0584072407271314 -0.598765886844913 0.127760443260843 -0.790668502822662 0 0 0 0 0 0
-0.714953185844323 -0.614608555766424 16.4323703725123 0.950595779692333 -0.245959941738845 0.189397388045667 0.118322236318711 0.85112888367141 0.511448405707664 0 0 0 0 0 0
-0.240317431390181 -0.44879033193979 16.146552488342 0.683443374070038 -0.729984679331111 -0.00524616459111204 0.481846747530118 0.445703982116579 0.7544346705713 0 0 0 0 0 0
-0.596748969258286 -0.842985257835586 15.9528820127535 0.611636510291978 -0.47201818057863 0.634901264513967 0.0722241353218126 0.832478576878276 0.549329675493561 0 0 0 0 0 0
-0.181858502978621 -0.59055348152684 15.6202138337064 0.260963770746753 -0.888630710315495 0.377138397634769 0.269261483748903 0.442175911701527 0.855557547133729 0 0 0 0 0 0
0.232464576513401 -0.984208107404534 15.6151304921238 -0.198913739167903 -0.9787884687901 0.0490556451639055 0.103846370496542 0.028722854491249 0.99417851965331 0 0 0 0 0 0
-0.0226219199273388 -0.876441412625297 15.1334452896343 -0.337129241135545 -0.705421496532992 0.6234776555266 0.436627502246703 0.469565298780914 0.767375302197212 0 0 0 0 0 0
0.454619160424954 -1.309694878677 15.1582909674993 -0.755902279830726 -0.630229754963495 0.177263078984565 0.0789146069555782 0.181075108735358 0.980298061713779 0 0 0 0 0 0
0.00874969732401354 -1.32018817566527 14.832791943319 -0.718944724083306 -0.236019764291511 0.653768425216917 0.450331992648652 0.55829873895697 0.696780893670694 0 0 0 0 0 0
0.494439277407125 -1.67103692060642 14.6861614337246 -0.944548593492195 0.0428868394641581 0.325559016860008 0.325790912534232 0.246448003480285 0.912756080711731 0 0 0 0 0 0
0.27385481894121 -1.90809782026459 14.1920431228466 -0.721655672012217 0.578980867271375 0.379465736500725 0.516185877022993 0.0848079547160756 0.852267417415325 0 0 0 0 0 0
0.540362355748826 -1.73668687281245 13.4709226393399 -0.560569910684384 0.67025591563529 0.48633155636581 -0.516208662936525 0.176387449327928 -0.838102669127959 0 0 0 0 0 0
0.355814403916781 -1.2314693806899 13.0782462396917 -0.170290377708688 0.661791009739889 0.730091669568317 0.865383217181548 -0.253921624224754 0.432013535599461 0 0 0 0 0 0
-0.224049528907685 -1.06909880437159 13.1160958280826 0.16310132631939 0.865523053177611 0.473569215334988 0.560344775048552 -0.476332075119094 0.677585040602362 0 0 0 0 0 0
-0.597042742793512 -0.766282849694122 12.8828380618593 0.697671036954728 0.685689801197255 0.207568348880121 0.232817295765139 -0.491005252664286 0.839470040114405 0 0 0 0 0 0
-0.717800977279111 -0.691369377307424 12.3076434444609 0.864847933842221 0.133104941348827 0.484067274136758 -0.412144758974899 -0.362322793538439 0.835977805280189 0 0 0 0 0 0
-0.763185448025531 -0.316624074151221 12.6959531714219 0.978475459600274 0.177308749084197 -0.105581155992672 0.180568150872842 -0.487936203434527 0.853998479928742 0 0 0 0 0 0
-0.611881650194469 -0.166068894810749 12.1184655716144 0.887059205332194 -0.410460366955234 0.21130132973999 -0.382832740082671 -0.398235090360377 0.833575374790745 0 0 0 0 0 0
-0.1608364932505 0.148916565562956 12.3219311257591 0.836436389500226 -0.430811534604281 -0.338785459997835 0.0933319968147987 -0.497153779895763 0.862628110767673 0 0 0 0 0 0
-0.306066633861889 0.211467807591724 11.8488477299915 0.538806447561189 -0.842340515753047 -0.0122502003764661 -0.473007208635107 -0.314529918941489 0.823003712392619 0 0 0 0 0 0
0.11717483551417 0.543922330759955 12.1078045889407 0.323744283413287 -0.765609025647154 -0.555906878735399 -0.0301522861757276 -0.595599763603671 0.802715242614117 0 0 0 0 0 0
0.116505809681044 0.394472876316783 11.554733459908 -0.0647346241406394 -0.988949235570117 -0.133374801995514 -0.474781505740158 -0.0870352653927444 0.875789577673682 0 0 0 0 0 0
0.839260532700024 0.835743643368054 8.45345583926286 -0.633432607056325 -0.59786736308031 0.491241028842648 0.055299744648073 0.598244625548775 0.799403093697639 0 0 0 0 0 0
0.851292911076565 0.845746124343069 7.82007445002397 -0.608697110693754 -0.261075906532142 0.749217723922161 0.650689795782541 0.37604981896092 0.659688807336095 0 0 0 0 0 0
0.830976436545744 0.354087693983362 8.16778400437805 -0.905962166029666 -0.0631210787745983 0.418626663099644 0.356803182292184 0.418383369730235 0.835252563605363 0 0 0 0 0 0
0.629840586666306 0.373223337105339 7.60915200376425 -0.689709823922779 0.338364024009429 0.640164155480041 0.72096342277032 0.238893922446661 0.650493225766484 0 0 0 0 0 0
0.578718129773431 -0.083780155420074 7.93752533887888 -0.873464516083924 0.462547485303128 0.152018297685775 0.374506095082714 0.438747262850497 0.816851286364193 0 0 0 0 0 0
0.297272717004892 -0.015920463359665 7.46623842886344 -0.487159591814135 0.798154914511344 0.354435132824406 0.733736391087023 0.153976135914729 0.661756947235875 0 0 0 0 0 0
0.200606394480601 -0.443391854911456 7.79824579396685 -0.498569618783374 0.849010315083714 -0.174956622874057 0.349493022990476 0.381574150864931 0.855719459992816 0 0 0 0 0 0
-0.171789834753427 -0.227568667085008 7.36572300728588 0.00245625218842026 0.990217394473541 -0.139511570889411 0.78957289519624 0.0836916225559926 0.607922984780575 0 0 0 0 0 0
-0.218063839112351 -0.446299569613508 6.62194079705949 0.134522075545532 0.983706922413696 -0.119266516045161 0.501506274799633 -0.17139501085392 -0.848006607610978 0 0 0 0 0 0
-0.571071887371516 -0.28783116327524 6.09089037278288 0.551011353119737 0.829691840362763 -0.0894311953116439 0.144150011296391 0.0109239075563269 0.989495549502462 0 0 0 0 0 0
-0.619512702504732 -0.625519112051185 5.58376277283389 0.722652257735134 0.544441742429919 0.425860191144898 -0.381347286861954 -0.19982002509363 0.902577533579307 0 0 0 0 0 0
-0.75188451084315 -0.0467472678634666 5.65616042939122 0.956154776276802 0.292484730660153 0.0148568471822448 -0.0243569880961655 0.0288657931328006 0.999286497014358 0 0 0 0 0 0
-0.478985157693576 -0.245529628507748 5.19332951062951 0.823815265198536 0.00537386910512225 0.566832894343976 -0.53288058490296 -0.333653462419203 0.777633364192212 0 0 0 0 0 0
-0.425344621966514 -0.071682240763104 4.6235656356284 0.520364315736675 -0.482696257901662 0.704432609585874 -0.830714816706667 -0.0950388968657815 0.548525752625275 0 0 0 0 0 0
-0.190272070617088 0.255912841871417 5.10648959913018 0.757543040074892 -0.598783937385757 0.259973724670218 -0.594754719042009 -0.468952261454807 0.652955281688361 0 0 0 0 0 0
0.0543013490754534 0.214420273349629 4.63136258476746 0.27173798423986 -0.906996607365999 0.321738437357761 -0.873813108677686 -0.0924509977451791 0.477392358605907 0 0 0 0 0 0
0.212614227098068 0.577128830643086 5.06601875123715 0.429551562607688 -0.86211661931296 -0.268775721473782 -0.657015493364761 -0.502550520120743 0.561937376615709 0 0 0 0 0 0
0.759586438445505 0.671939009591307 4.96741706194545 -0.155692621709713 -0.726885497170515 -0.668877627404756 -0.682995942191408 -0.40997796814348 0.604511875255211 0 0 0 0 0 0
1.32676229856171 0.433338411895536 4.89243107518684 -0.376015827090482 -0.35447392846279 -0.856131024891219 -0.696484472910112 -0.501278288260493 0.513448591988637 0 0 0 0 0 0
