t = 5000000
b = 47.977462 47.977462 47.977462
E = -1.19642464058097 -1.35498065203523 0.15855601145426
50.5006964158709 -116.785792974052 89.4290797997668 -0.518228096152582 -0.234681707433495 0.822413604254139 -0.091469705391258 0.971307899497438 0.219531904751955 0.131650186650512 0.330423279744318 0.168551758066073 -0.361755316164202 -0.246608718220068 0.367203813574998
50.2543998912474 -116.33774630638 89.5457947085742 0.304959070992258 -0.272669488070262 0.912497295940552 -0.0477190903783739 0.952559396008788 0.300588564587115 -0.406011753137107 0.508808569376153 0.320367577343609 -0.131939119787193 -0.0220331439090809 -0.318972592006525
50.2624273747387 -115.861490647569 89.8035162285453 0.814138160918426 -0.524064964128196 0.250069926647073 0.433990417647364 0.835284860120351 0.337567059555446 -0.349805059204459 0.156522745944843 0.0259488629354308 0.157452781723262 -0.172825023970818 0.0766873503673354
50.5222671831521 -115.582154060146 90.1600943253186 0.596654456357636 -0.266826994125102 -0.756840018699717 0.546329809122659 0.82586514111084 0.139536757271922 -0.0904987558770646 0.00221786795086222 -0.0961326426984872 0.245076481167777 -0.54281932813453 0.452996530489066
51.0058845462293 -115.38890002166 90.3018836877759 0.0362253351515074 0.14348937806339 -0.988988636397392 0.790043632674572 0.601923951780132 0.116269575458148 0.521618739798012 0.290309267613559 0.0573916191760126 -0.2477057442837 0.0118961096698568 0.704157901338854
51.4377389695972 -115.405882731016 90.2831388272395 -0.238983603083558 0.755896144595944 -0.609514442804089 0.850320068362681 0.46600812244932 0.24452445905238 -0.0271140323915538 0.2847342002964 -0.0203170304837511 0.378315580917789 -0.424634934649768 -0.0967544098767441
51.9478514779914 -115.245393062718 90.1009718058015 -0.533915220241292 0.845347611023542 -0.0179430717697778 0.796850265476945 0.510155074566844 0.323684188805557 -0.194596688744493 -0.331733889148425 0.369065639062546 -0.480535969943122 -0.0656238691029423 0.160365583429602
52.3482154683248 -114.863206812286 89.9593608869918 -0.708277147914986 0.553190300168118 0.438547572466408 0.691979795563006 0.66696476812371 0.276264294408878 0.0279571681957713 -0.0851258486007506 0.344752804138899 -0.011195863926467 -0.067214265286346 0.332752930506282
52.519508584268 -114.319363982608 89.9208965023558 -0.606988415829289 0.104698186015172 0.787783823572178 0.531252262657143 0.790699772614134 0.30424480710252 0.532989453122689 0.0416728872539312 0.37977728569194 -0.122733909145734 0.0425896696271228 -0.0253993163186381
52.4978970375586 -113.788531181316 90.0322359370103 -0.121721559169122 -0.276383073266615 0.953308060683044 0.395638013914268 0.867341374298116 0.301975995466388 0.0395693736879031 -0.204808273634484 0.0750458198306896 0.415076018810586 0.414540104605913 -0.0750580634631862
52.4480648485673 -113.315380932999 90.2268648123227 0.458888055086802 -0.559046729237485 0.690571145769097 0.493091257320386 0.806799680853483 0.325477014319354 -0.224918074907854 0.0323506761392962 0.0779745543212767 -0.304912497222441 0.1050530008205 -0.0464956974647355
52.4364169888341 -112.941927565063 90.6657194045141 0.650244069350847 -0.642466477276017 0.405486713437727 0.497871209580791 0.763502377829001 0.411325147044189 0.0485867785925562 -0.459165131432137 -0.327096731675508 0.0884028389004313 -0.165379137774345 -0.350582702786266
52.5442740095486 -112.798526713895 91.1188784273515 0.904248393382034 -0.337759120880942 -0.261253934652056 0.416662267193906 0.564070645217291 0.712893302897205 0.425131826733615 -0.325759815761179 0.591358198573788 -0.385449944961448 -0.157781969973033 0.0561112553725239
52.8825381996195 -112.645602633113 91.5073438357028 0.721025186928726 -0.154760047588693 -0.675405069093293 0.631466407508364 0.548043898253683 0.54854175922332 0.208334512788562 -0.204937185239999 -0.157053594056448 -0.200453036883821 0.129762110384875 0.0287300150249131
53.3303938008334 -112.630422984836 91.7760281895498 0.372365749234638 0.164152444760611 -0.913453733735889 0.761468363809354 0.508636677949352 0.401814211747267 -0.0663343818807527 0.477721563778181 -0.482916384865271 -0.212047791637342 -0.384427701353536 -0.290040840202286
53.9253060851389 -112.622534335377 91.7041144920152 -0.113441222337816 0.641828822027511 -0.758410740222632 0.894166213204712 0.39872240925727 0.203684122827568 -0.117457021706384 -0.598490838552453 -0.0110409673977107 -0.000191788888249033 0.276178342493584 -0.335492452904904
54.4771231803532 -112.459869706128 91.5605052882453 -0.51409781658206 0.793208611663381 -0.32637943150453 0.804751095190612 0.577719446967921 0.136440152892408 0.186423578478978 -0.107186649422848 0.0909914579636173 -0.0261121334821465 -0.274039766314579 -0.720465552441897
54.8067512948851 -112.218766901177 91.3272027615293 -0.562968094396239 0.78150632664637 0.268914084388045 0.794208546292158 0.601582029430601 -0.0856261969892165 0.221252084394069 0.037937850504292 -0.0671494314766977 0.130109056367611 -0.693290738876446 0.870487714842454
54.966387679472 -111.733371213431 91.009318606088 -0.231383381204314 0.499230846312416 0.835003169397873 0.755368608674391 0.633082092468237 -0.169190215427525 -0.208786838386346 -0.243616322186921 -0.202410619031172 0.457468623466071 -0.119194616556366 -0.331481098263905
55.13443341159 -111.215904866657 90.9188895170221 0.04751734634386 -0.0667040577230398 0.99664069266327 0.773636580235584 0.633605518668954 0.00552145002905309 -0.0777084111680652 0.0304305308995386 0.166217619758142 -0.180089858298501 -0.287633106957215 0.301027251714339
55.2693698531359 -110.784930611276 91.1471344871821 0.268180979181201 -0.465873892701369 0.84323216165872 0.654781699507313 0.730184538605438 0.195170349952025 -0.207903238180722 -0.101572978052566 0.363707980552041 0.0423011613199302 -0.152867262843091 -0.381239832131879
55.3702398292745 -110.402292538595 91.4809566300499 0.709508707919932 -0.695634496399072 0.112650080970138 0.680681971942626 0.717893034035733 0.14595082970956 0.130289480930177 0.160025010239994 0.324309105228827 0.448701966283761 0.0933297712878902 0.0200481509540778
55.7643968640416 -110.210123353953 91.846815358337 0.56365094700237 -0.769569964682171 -0.300099448857884 0.823179130779508 0.553403164938069 0.126968718629214 0.427447541526106 -0.161844528867758 -0.0552581066228676 0.727557591987582 0.0825913786998571 0.44378295033258
56.2282175228401 -110.156103846525 92.0761565873291 0.361633771778105 -0.567954864083042 -0.739356671260806 0.870982081186473 0.488701561585774 0.0506063009104748 0.0674999627865734 -0.14266822220887 -0.497001112307038 0.00369438345283268 -0.369307735353705 0.0249959151569093
56.6728887593275 -110.211565032031 92.2831910661958 0.0695638751712979 -0.0230895165446034 -0.997310252625472 0.934370215540042 0.351709770423938 0.0570310034915692 0.299362098121818 0.383422011140012 0.111834911828338 -0.0714209207406641 -0.216191328923393 -0.0158811918255615
57.1823032023059 -110.376646980587 92.1367719527756 -0.291288288539528 0.707569123461791 -0.643814467263731 0.925870030391721 0.377824390242115 -0.00366289360750004 -0.0222950619123269 -0.204304907066892 0.0954437631172099 -0.0233057911120352 -0.0618395139188163 0.0313499392381592
57.5968994354772 -110.270801578315 91.939000876479 -0.428120823244107 0.901292573432099 0.0662137273572461 0.903072658689491 0.429439513735884 -0.00644027168534304 -0.455993102490023 -0.0675070415927368 -0.278330639511066 0.107477733155863 0.252733937236072 -0.393496656652658
57.9701394717333 -109.885616103126 91.7339423555618 -0.450414808649563 0.676058440323686 0.583156484340964 0.838781744517371 0.544203810329075 0.0169528076241126 -0.0496309339818447 -0.321174244011393 -0.336683267945171 0.127209196834875 0.332392717794621 -0.0166199702885328
58.2215578302573 -109.426682056182 91.5915943279747 -0.265104261514017 0.149170186324782 0.95261114074389 0.78080974842329 0.61287599570606 0.121322500221033 -0.163363102903156 -0.0449890723266698 0.316725162028727 0.0330469776934781 0.151881426027114 0.360373170506518
58.281476230217 -108.915294262923 91.6960645592505 0.140109941914359 -0.339373647973962 0.93015844415742 0.691383680016505 0.706004770465556 0.153446639213882 -0.0460730630388726 0.186029273857815 0.141220681214471 0.300765085141162 0.290586105911221 0.162262124691333
58.368738052112 -108.443224186658 91.9874920160914 0.457229447761656 -0.687163164594854 0.564577733556472 0.698105372456651 0.670612840372163 0.250853158534986 0.0431769679481736 -0.170761160482632 0.837440729534319 -0.340845726852036 0.178048561448082 -0.174346117039999
58.4615827994188 -108.092206353755 92.3574485729134 0.733558667084022 -0.676935174180446 -0.0604189679626981 0.677451221755596 0.72120944416994 0.144626344635515 0.0267063605678176 -0.435291122446487 -0.43811921915466 0.414398486335911 -0.0381572653091858 0.243064692014169
58.9120044721614 -107.681557148901 92.5242342247556 0.478326472129401 -0.801313252472416 -0.359306077588246 0.861380735163043 0.507757750246374 0.0143281569703338 -0.0944067562181968 -0.113152132021525 0.100271950233769 0.00914765117022384 -0.676311694694596 -0.251880193514006
59.3748198364636 -107.621748074363 92.716572246724 0.225201866236676 -0.426274239682602 -0.876113229986082 0.888026072042726 0.459770468096292 0.00456199243695157 -0.0982569815932846 0.129009809879098 -0.279825961746321 0.265383115847458 0.176276705345997 -0.0589943799668325
59.9534711638795 -107.752775538909 92.7897263215094 -0.112811534885403 -0.0105385777809241 -0.993560514500909 0.826982699903376 0.553304819867382 -0.0997666796675546 -0.238527095197668 -0.0546962204149194 0.0418683491750312 0.254561364722647 0.245835441059777 -0.29006259647228
60.3866272405169 -107.789696999752 92.5826207996426 -0.358938446381465 0.544090182995671 -0.758372642184874 0.900595632384212 0.415289207533085 -0.128305810076523 -0.572611743373238 0.133209745529544 -0.0329108923417523 0.186956237099507 -0.317238779046922 -0.0635751263565407
60.7890928235692 -107.892498717341 92.2371872587632 -0.372045330736752 0.917275983942947 -0.14208110738197 0.909697101128521 0.329903940625125 -0.252219297625895 -0.193643511267338 -0.25314150999945 -0.337149252627525 -0.41148454344616 0.405431567818607 0.067891877873152
61.090312825594 -107.771249534553 91.8442420789124 -0.341713036970948 0.869419288255336 0.356850530875795 0.810456338761798 0.464851888955275 -0.356473342801419 0.0702590217743518 -0.200198747685933 -0.0364699347163167 0.259756771989568 -0.504859241391218 0.14046537968634
61.3611866532943 -107.38370637997 91.4672167628094 -0.159877616290914 0.555525587519029 0.815984356016565 0.804087974951249 0.552786066577783 -0.21879235112326 -0.736509739014267 0.24415197125306 -0.0171076441464495 -0.137831516533056 0.100684601655781 0.0671098631051552
61.4886992516957 -106.885827421538 91.3845449381963 0.239218274667089 0.0244149127184007 0.970658811817935 0.778869541296042 0.592095800715548 -0.206844869443404 0.490151117943151 -0.300812120979451 0.336216953789971 0.453978857803216 0.421404225805877 0.498312216797623
61.6939060303372 -106.351188114743 91.3756523532301 0.428721309859641 -0.365853074015766 0.826044530006687 0.786492306905674 0.601057061866172 -0.141986822620162 0.412575453082386 -0.0672256454092097 -0.344576438544282 0.0962048973387154 0.474598555953826 -0.14295835263741
61.8826753755894 -105.9873578672 91.5412425386829 0.658018841538343 -0.67787327902264 0.327870434258561 0.724729063360078 0.688318452296404 -0.0313925603344893 0.325856560248123 -0.220779786262311 -0.0211676707909495 0.495928917151844 -0.662013659298176 0.515053352290544
62.1878955952328 -105.751766651284 91.9416759448614 0.652292562447038 -0.629941989483777 -0.421529954585991 0.713397557010438 0.698130779914119 0.0606410712526212 0.471245559986636 -0.175302714548218 0.149743687398083 0.0946558551382578 -0.0858582221650947 -0.391178409155624
62.598613628858 -105.567731606852 92.1487803149467 0.472763338791648 -0.537443320210843 -0.698319055082051 0.842183339666216 0.508747204810548 0.178615519121689 0.00190330920492034 -0.430128768828434 -0.0365150935259259 -0.850717162167047 -0.664244115772713 -0.430055664107206
63.1018743458644 -105.492076139783 92.4029839290079 0.229750711205868 -0.323698197890599 -0.917842081697147 0.959090979049582 0.235579101258627 0.156993568755174 -0.377328247594385 -0.00722723146188402 0.339884230878955 0.218462855095147 -0.204203635261378 0.366114893027907
63.5653248209045 -105.749993005536 92.5123119494417 -0.00565324275709906 0.322234878158332 -0.946642869881077 0.984614200160293 0.167130959629231 0.0510109597961621 0.04164975851267 -0.284231744211663 -0.115674252212644 0.588101383922955 0.0333746667225495 -0.276600352537361
64.0316104068127 -105.96183610883 92.4014898503667 -0.0113006823857973 0.889710778058234 -0.456384734526842 0.999672228894844 0.0205379004706934 0.0152849395079291 0.160185565376749 -0.386414051147903 0.352829908084696 -0.0105102908114358 -0.123431623925952 0.160649190302401
63.9027454567861 -102.292613554061 93.8144568957821 -0.873018800268492 0.487151024069379 -0.022848468858631 -0.319306092069018 -0.606381901720338 -0.728247627809799 0.0945695851318325 -0.0442254246599119 0.188837140814534 0.0885206008438646 0.229241176757336 -0.3231016042254
63.5892168784629 -102.706064599448 93.7143774422225 -0.380570401462566 0.750489072724205 -0.540307617094385 -0.18946238003182 -0.635156873567346 -0.748785518260361 0.270300681267043 0.0726240807537469 -0.412689022428249 0.103525948696266 0.0612256937819434 -0.406141141515856
63.1905773172153 -102.879624025508 93.4940447075105 0.553623000982802 0.382449402758321 -0.739752679648146 -0.221734707439401 -0.788541334851693 -0.573616843068788 -0.126346792207361 0.229453000324557 0.224980330717941 0.0967849632667496 -0.213092303056211 0.0677051697640229
62.7816616624337 -103.924916996171 93.836932910213 -0.774770546837413 -0.32877850408764 -0.540032679417977 0.229114518447688 -0.942099512162324 0.24485719593456 -0.364669082529923 -0.347287794304712 0.0940714747037039 0.108986948222493 -0.0412726283864717 -0.209074259744616
62.6442115951925 -104.313321931967 94.0770010012235 -0.0290895424154087 -0.374947232035775 -0.926589645692635 0.341172017273608 -0.875039555953951 0.343376513131812 -0.0479283758796077 0.297843637978499 -0.284785456346901 0.665203702080833 -0.584160011559007 -0.300034275253692
62.5673080516612 -104.831537952333 94.2409837058557 0.493484085869184 -0.0820496626807052 -0.865876035714343 0.316630183616382 -0.91027999443062 0.266712686249529 -0.168193362017455 -0.105054393347098 0.140289211114462 0.168290157084883 -0.293613718116674 0.0187519610995894
63.1588320632185 -104.924128387045 94.8033204026987 0.522910597266544 0.787748331471732 0.325602631087698 0.754172005831276 -0.605587081407728 0.253946593458103 -0.154839971672496 -0.51776519888872 0.199251953794333 0.100389420439135 -0.00763824638375121 0.469651220286924
63.6696429795927 -105.151146109378 94.934378686502 0.179242374722511 0.839182533228894 0.51346357899313 0.922109620829696 -0.325220516680753 0.209631730992309 -0.0455594399543114 -0.0613412875638895 0.524587734666862 0.329043849934343 -0.392141561876039 0.430254992102756
64.16611392357 -105.092923217261 94.9411670968915 -0.245987705302861 0.124177742479126 0.96128556461272 0.843399479949768 -0.461328310824319 0.275415153036177 0.133112515674201 0.275386925498955 0.0204980999051971 0.265803335028539 0.158621775108967 0.134182877662987
63.4085143052273 -105.251357434662 94.0021376480656 -0.493857991545895 0.720170647529581 -0.487297160314845 -0.550003414637906 -0.692773941649469 -0.466433821128414 0.438157183903508 -0.0572938583542334 0.37738672836487 -0.426810516446044 -0.139524067323469 -0.0946882990616123
64.025884179624 -104.799561274726 93.7111836282847 0.362305888580122 -0.129791148654291 0.922978168009824 0.900637749698979 0.303705789686408 -0.310828626879657 0.0246425643434029 -0.33570678273221 -0.129803510653063 -0.0615210431446653 -0.284298397613839 -0.21559599671268
64.4276802952565 -104.50929094726 93.7733607624134 0.422405482293701 -0.702832663378874 0.572363393307888 0.904121794736673 0.371521031582485 -0.211035310164255 0.494279570197136 -0.801509959467025 -0.0563558133417261 -0.125282137702424 0.62188527403246 0.620682660753032
64.9749396886915 -105.409352629404 92.7611815018402 0.455733512801207 -0.0888031007359464 -0.885675434071714 0.889711051885771 0.0754659656871044 0.450243414218329 0.145620593470796 -0.244032400205179 -0.13567476509729 0.0580030128765517 -0.401065986299199 -0.0203615030858754
64.4899183913993 -104.945757396543 92.0086644024055 0.063497990070139 -0.960850499563657 -0.269693012997503 -0.975518735547497 -0.00274569474675396 -0.219899196496507 0.187165836825491 -0.125943232595335 -0.0105290134646163 -0.546924141457055 0.554611777366695 -0.262888374700202
64.049181329495 -104.995112776872 91.6411343397794 0.140870145843585 -0.906125071191301 0.39886458512111 -0.939449718463174 -0.249470346811716 -0.234944190136054 0.0164426144082566 0.0942499995021735 0.48869269483132 0.043433929386142 0.502924379063075 0.885283857357017
63.5870781271524 -105.262404880303 91.4370302691804 0.0350530933617974 -0.478205924355305 0.877547932858721 -0.875632596683845 -0.437934408503691 -0.203668871853953 -0.165500527047758 -0.242275166058772 -0.358841804855572 0.226983600557561 -0.249888340606385 0.31395079195138
63.4208249343171 -105.729053421951 91.3092669881801 -0.313996770317519 0.181552330388827 0.93190384616719 -0.852025336624651 -0.486934150207344 -0.192218515750926 -0.063529902622867 -0.0199600210688575 -0.310115478936702 0.043781499434041 0.0140840993355841 -0.30060358213714
63.1720676533756 -106.193758832349 91.3707064583434 -0.434154199508426 0.574942540389183 0.693506457214315 -0.765076890706479 -0.641748035929847 0.0530736241396988 -0.407578143287859 0.417106748978551 0.275078675914952 -0.282064531396373 -0.427090879730301 0.361637261133729
62.9443414681058 -106.63650123212 91.5908715618666 -0.606054539126931 0.774444338837472 0.181476884131766 -0.77063847910601 -0.628193600792943 0.107187370993407 -0.0278770127993844 0.281540499548931 0.594697131600719 -0.52174371235142 -0.420134370029405 0.238951850969268
62.6148264442375 -106.894938406843 91.9656141321394 -0.550417386053399 0.76951944309515 -0.323852632666121 -0.834434127066649 -0.494232305139972 0.243832147239015 -0.0637003952172422 -0.225624070473077 -0.173978126512504 0.202913998573906 0.261208821224842 0.406355782750377
62.2270760043763 -106.91536780465 92.3369986606619 -0.44705287835255 0.503612967216369 -0.739268356629742 -0.887051080592494 -0.356083210226798 0.293845414604889 0.344016919567413 -0.0823558542519471 -0.0979307835945894 -0.029685681992632 -0.573321783794523 -0.174346740961821
61.7432152956096 -106.865977252896 92.5011198020535 -0.220647452149839 0.0427007599170261 -0.974418465924055 -0.967629969116931 -0.135061351647843 0.213191634246826 -0.195751786159575 -0.0726753386801458 -0.00930123307135567 0.180194941398458 -0.173534123057223 0.226560152886771
61.183801886854 -106.751517516155 92.535379922157 0.134919787858977 -0.449183596092552 -0.883193493979756 -0.977285213008395 -0.207344253942025 -0.0438403093608261 -0.464240844486058 0.553698315801222 -0.111081232354061 0.424451204323257 0.105341808728243 -0.0629322188352113
60.7410565748854 -106.633436760281 92.2744709672205 0.218415995416313 -0.931997873621194 -0.289265302305296 -0.960073236856135 -0.152130516883291 -0.234767298336183 -0.407298658084048 -0.107527954877913 0.397333004626949 0.369559018903713 0.220242562336297 0.32677513046258
60.2162674416857 -106.844550448973 91.9713896818182 0.578959589430589 -0.766625063010182 0.277654113003382 -0.808276078672613 -0.58440916316768 0.0718032767228747 -0.0256708045046606 0.495451319412004 -0.0376570040334586 -0.553165455053356 -0.285904097448644 0.3537535794205
59.9141331536782 -107.135160766624 91.7035832944117 0.349325857005869 -0.564231125573621 0.748073981522872 -0.76002415585299 -0.637568196981825 -0.125976486703322 0.482776499566503 0.52478365867678 0.292087471056259 -0.722049805105479 0.56397509250802 -0.232433749766403
59.7386786067722 -107.612591761606 91.6359043406284 0.168765220920383 -0.142992749717392 0.97522888273996 -0.610081198075086 -0.79226812010411 -0.0105904460156781 0.0376765480603482 0.185426500799535 -0.171524456331797 -0.385485676444774 0.341156778815146 -0.116157661872341
59.6673046541894 -108.156682893117 91.6513674617654 -0.338063260415334 0.463837627095715 0.81888209539209 -0.768881225668441 -0.637883221340998 0.0438936768610662 -0.275270844754616 -0.0595650326392113 0.276244299126904 0.075076047668358 0.0770506590565523 0.360855430406055
59.4079550028843 -108.648417368428 91.9603481718145 -0.342522479022807 0.769975503429496 0.538345683950388 -0.792694094543798 -0.544417880902621 0.274308664434308 0.244179695960882 0.0742011762514089 -0.142086821339405 -0.185928842951307 -0.470747148265919 -0.0697002537968473
59.3209563446716 -108.933240077665 92.3306578783159 -0.713484293245972 0.699678655701337 -0.0372818947917767 -0.69375073956083 -0.697976593515782 0.177591058163864 0.2990198146547 0.122307788250091 0.27291562621169 0.612830936155208 -0.334592237320864 0.0453379047522839
58.9774051702259 -109.175363121124 92.6977770587674 -0.521791140655307 0.560728912250141 -0.642897419163751 -0.78116695674916 -0.616904017108805 0.0959563332036697 0.244208514766291 0.130735512008497 -0.219119377454696 -0.00930742976858354 -0.179821659213031 -0.415496200387642
58.4620746121746 -109.317971312964 92.8175302032639 -0.0575794949155606 0.357044044524074 -0.932311188374406 -0.888781666134219 -0.44366441769213 -0.11501753923592 -0.253992635209459 -0.219021985799531 -0.770310152583536 -0.573477193063146 0.410090374160273 0.137160968884267
57.8805736530562 -109.27463592525 92.6952890229678 0.359724196969357 -0.0260095281269899 -0.932696095442883 -0.872802679347498 -0.362778362290893 -0.326507798667665 0.228738790831072 0.300151778925085 0.00869315415309916 0.246397509867677 -0.115836578725936 -0.26843785277621
57.3506227462827 -109.131421115325 92.4959985598233 0.49503900859832 -0.488009011919517 -0.718876611749191 -0.854997530504938 -0.420863528585696 -0.303072782634537 0.0450577363108084 -0.0495264597174132 -0.116377388776342 -0.235036001098969 -0.210443600261198 -0.0850687018581043
57.0502206667901 -109.159193927931 92.0618436601946 0.384456659503822 -0.921004647299057 -0.0627974241939807 -0.892612886499195 -0.353530903967126 -0.27974655439975 -0.0690737186709586 -0.126542578321134 -0.194029961710485 0.357296964261742 0.297195450005451 0.296557755038342
56.7313255651727 -110.190149547413 91.0392140300323 -0.0728110824737126 -0.0515541937408556 0.996012405191816 -0.775404199665941 -0.625155790511735 -0.0890424872445538 0.0522063307357527 0.0970388024577376 -0.261151785588962 0.169965691034744 -0.494061466013931 -0.187400848164596
56.5992043384735 -110.732271580561 91.1025491920106 -0.309369529074422 0.503433030587174 0.806750071683852 -0.703392806336878 -0.692063600378618 0.162131221365195 -0.236767159926381 -0.465291137850302 0.503730591872224 -0.457706596210761 0.550432606975208 -0.547278387847143
56.345464436565 -111.110656244835 91.429975619127 -0.500452825180614 0.83281297242599 0.236578783833419 -0.817349768820893 -0.544584034219169 0.1880627117897 0.65950152330599 -0.0235787682121434 0.116210396027335 -0.324872106980638 -0.204437774038916 0.0475838991376398
56.0501936035966 -111.281347923247 91.7408442516305 -0.543551986055833 0.783247273699469 -0.301786259799776 -0.825211141868726 -0.432874529839009 0.362830832021589 0.0486792840419475 -0.260900727595701 -0.0776613496704879 0.0188328256586938 0.248629691318971 0.41266199787036
55.6024842757643 -111.387988339005 92.0879088053316 -0.244352248186242 0.563958851760278 -0.788823422719869 -0.90879563158985 -0.416913148248468 -0.0165507314925444 -0.0266666264844969 -0.0566261762856216 0.405529969112904 0.125349798145857 -0.288244121330949 -0.23565432658977
55.1184993402376 -111.270181094397 92.1635079430349 0.00749374194596501 0.0420847977956184 -0.99908593905317 -0.847466452482444 -0.530073377619678 -0.0286849456094321 -0.00796377829766714 0.369835318349455 -0.294014172574997 0.263160783091862 -0.693740353963191 0.0371358444608897
54.5954969663229 -111.174282921989 91.9953239960899 0.340416859289555 -0.535710561922101 -0.772742230766638 -0.850754292160784 -0.525458643588689 -0.0105046141189623 0.127890249267308 -0.250245522390845 0.142344425085225 -0.688566401529343 0.125125941157883 -0.133687710746801
54.1019329536765 -111.252475708882 91.7169064700405 0.549805303371265 -0.759289341595536 -0.348129033401234 -0.83521258751713 -0.505507540529758 -0.216522654493668 0.113377459689747 0.0387383182491883 -0.0560379873632679 0.228517661933314 -0.0105691007517314 -0.312053304056954
53.7865178477983 -111.523529993115 91.3247587844505 0.613057619963822 -0.766889398420689 0.189844686778641 -0.672693770417916 -0.632718229582092 -0.383602311137932 0.508639078738334 0.0749458863854813 -0.180708843266351 -0.526144043099349 -0.0939894415936762 0.487099122201755
53.5992862199221 -111.816766046319 90.9604663372683 0.360159935435924 -0.641956406507355 0.676887577782911 -0.484686737548956 -0.748729589121839 -0.452197709736189 -0.0141462180155586 -0.0802653255752085 -0.0514378331219665 0.195956098293518 0.0599977388676312 -0.402926416793315
53.7120111192522 -112.295510432518 90.6837717794961 -0.307081249388681 -0.336028649755849 0.890385227181275 -0.498593071173055 -0.740107189731912 -0.451271865965391 -0.119746980938532 -0.117493892799685 0.194742058999632 0.276107275787672 -0.339543558175789 -0.0464444577476582
53.6409389152865 -112.871175844594 90.6228074499604 -0.597503140724396 0.135515123575537 0.790332618249292 -0.423059012002534 -0.890553498499155 -0.167139275262348 -0.0455420778625537 -0.11808149054685 0.141919813404585 -0.422262438621077 -0.0779185193102585 -0.0465625557718014
53.5810723455591 -113.342305761017 90.8790285591106 -0.853724322435627 0.479909857826945 0.202092329102547 -0.52070974073572 -0.783789559510107 -0.338430631168566 0.0357336714639055 0.162939121131523 0.341165202058598 -0.478405942538987 0.367865485106628 -0.392240059146287
53.304884940706 -113.766236381747 91.0047179305441 -0.684172865090869 0.686348684325289 -0.246643414442279 -0.608051440981142 -0.723541181414906 -0.326743941958738 -0.366928725453951 -0.0807050542906766 0.226041563927869 -0.437966337843083 0.242664539146997 0.0980880408135842
52.8600125806985 -114.015871241366 91.1053377138995 -0.333024332554513 0.672649681763346 -0.660785289953734 -0.853865371514784 -0.512425226249743 -0.0912924680266724 0.438227634440545 0.00495174008999458 -0.183328617370334 0.0906030055726175 0.0063012637523352 0.0391566326705002
52.3603766078358 -114.126779637565 91.1481829233293 0.190818153958949 0.216949408454295 -0.957351234013789 -0.798721507423635 -0.532633540984093 -0.279902595710928 -0.0724691777698012 0.131530393545033 -0.195421637376412 0.540466212431762 0.0362961373946768 0.286057160693238
51.8528354225351 -114.267234785228 90.8930889546849 0.556868844829722 -0.0148522975356613 -0.830467638649248 -0.677417870425535 -0.586678481457547 -0.443749240137167 0.270815406776636 -0.398662222865577 0.0468021326948064 -0.0209828667053369 -0.137626806760654 -0.321506905910991
51.507682080243 -114.213722486689 90.5317952792593 0.693608619730149 -0.569596021672988 -0.440984640572515 -0.718696552618378 -0.505709275431336 -0.477214199872414 -0.128154961850413 0.18116658590937 -0.329967871642281 -0.691504129964595 0.159488043486252 -0.358724964004106
51.2553425486048 -114.249219565398 90.0982095330732 0.62189416923884 -0.782573043050629 -0.0287588527682734 -0.620526993984974 -0.470052512874883 -0.627691709934438 0.0264953685222209 -0.0603905462796199 -0.0638296569611035 0.541946066947965 0.316508114764943 0.454433267929251
51.1690224563239 -114.490242666923 89.5449584725085 0.169152046672833 -0.740283415351059 0.650667388116311 -0.68713384251029 -0.561858402752791 -0.460610700719841 0.0204728389270265 0.173477717273034 -0.23995260153934 -0.233252431167355 0.0735963021076053 -0.177594361073226
