t = 5000000
b = 47.977462 47.977462 47.977462
E = -1.11316870686834 -1.2585845795489 0.145415872680555
112.750722284129 -24.9985110480985 256.148651249676 -0.839816317092701 0.313796736065979 0.442990024515216 0.230693846473077 0.94495783331564 -0.232023796582908 -0.232890852816603 0.381025177704195 -0.228018491463619 -0.257866772223392 0.392854216645978 -0.204426902089135
113.172015058963 -25.9950217268415 256.383947683445 0.104108065937532 0.165659696584561 -0.98067240864434 0.975817487458186 -0.207566690305812 0.0685295473151311 -0.389769609161053 0.0400145367331452 0.046865305860739 0.517204796636186 0.235541148776761 0.423713860145191
113.53598906892 -26.2916149662953 256.234918473249 0.231949500912558 0.811201873194961 -0.53679693536854 0.971440172525169 -0.221562502202166 0.084935556354289 0.25264567774617 0.374268111483992 0.170244565508115 0.289510851414212 -0.0942089061663023 -0.273538463274673
113.563620282621 -27.3963817250652 256.428665201392 0.289659596877495 -0.0602669247940736 -0.955230451575872 0.700937858041569 0.692952124336004 0.168829713902073 0.0904009117655229 0.347247347050681 0.148970977466717 -0.398041436943562 0.0124322065395715 0.0325758452524012
114.046572564724 -27.3676417238608 256.412938909932 -0.227881945258528 0.448159031789165 -0.864420787437557 0.882530816927123 0.470124021466949 0.011079659072359 0.165226918265488 0.266692955090802 0.21654715784348 0.417593324801114 -0.015300521154323 0.263251452992478
114.489417260721 -27.3717707354966 256.209044535072 -0.497024496995921 0.833572942805247 -0.241086702713949 0.853059178831904 0.520264785028757 0.0401819700211037 0.292311287408189 -0.167595499904699 0.539005241034537 0.184103039468346 -0.549171068540052 -0.243120706992445
114.862086023325 -27.0614187312865 255.99461319826 -0.540138824981028 0.658557158293983 0.523977591724512 0.798570978970712 0.59755895745245 0.0721642701589843 0.785123422667509 0.0991099999273738 -0.518378911857075 -0.433055072516895 0.0465745721866577 0.756275498518877
115.553958966938 -27.9829600118604 255.557015979238 0.0628923996827337 -0.862278977203794 0.502513195197528 -0.10847298649922 -0.506433077909746 -0.855429218988869 0.330462716776132 0.35633069256205 -0.213225837955575 -0.256546618777504 0.1796236920248 0.568663301886162
115.593942627471 -28.2632181056028 255.152228487486 -0.410270497370471 -0.655264608048943 0.634276290232954 0.0442230096436296 -0.708982582106164 -0.703838066324016 -0.1166039839147 0.279862767592342 0.151448692680246 -0.340840626515828 0.133785617858921 -0.294304417040947
115.891578184475 -28.6318374344753 255.112079847756 -0.761242455528864 -0.557422770080416 0.331345404487276 0.335576308639901 -0.77585641204041 -0.534261515111829 -0.735743294248588 0.253182586449377 -0.0963356502388038 0.351408915097198 0.218188401695394 0.68600920795571
116.110997906185 -29.0963959704989 255.183933673003 -0.854606028642432 -0.100165556572929 -0.509524676482729 0.392830476260056 -0.766424092880565 -0.508210906572366 0.454888419434879 0.0910394954603507 0.688407339105287 -0.419623241219393 0.294276587280704 -0.421907464699159
117.152076003911 -29.2308270551025 255.684774417915 0.427300566207957 -0.260321416913561 0.865821567041395 0.895838766558531 -0.00733076968820272 -0.444318764036606 0.118665828579137 -0.101175257875825 -0.311845200327324 0.241497468361999 -0.0827391511139216 0.384655534793938
117.937359445736 -29.089684651984 255.691683487555 0.554791278561314 -0.736382437051998 0.387230604772872 0.7992310132182 0.34238796031362 -0.493963835164752 0.0312867024427112 -0.141049651550675 0.510483256008566 -0.148172837653395 0.116851440513619 -0.364352878663806
118.376514279707 -28.9054766859997 255.718578637551 0.206672742362045 -0.927212788688501 -0.312350479455281 0.822788497492564 0.337455035496761 -0.457321754764001 0.0657629226908413 -0.147983322569436 -0.0808978508983678 -0.208485211849966 0.198493927879681 0.157785833114403
118.865644974959 -28.8726362112358 255.512272040853 -0.439122758456839 -0.471915721488952 -0.764504253229227 0.657554946119124 0.411024945857053 -0.631411106192612 0.208721759451007 -0.03427993562112 -0.11904977057232 0.221275643791003 0.334872541117222 0.15553493065819
119.173253085743 -29.015105929031 255.236922227546 -0.577425891641264 0.405577337496059 -0.708580526638785 0.814469403983137 0.225838889641907 -0.534449610082351 -0.0023155160543166 -0.211658094023505 -0.00504929418081446 0.387562114197793 -0.194623146512315 -0.233909408255922
119.388268864045 -29.1487022281232 254.827865678168 -0.240335285351632 0.97065482295456 0.00825608783347892 0.899737296032563 0.225951942541223 -0.373387890021088 0.349314106140318 -0.277400070192584 0.0537070673752127 0.311653489744325 -0.332657913122278 0.200931180305964
119.769769865132 -30.6816740657292 254.991787508552 -0.159192458805821 -0.888797251758324 -0.429764128617067 0.627454271563127 0.244999498378042 -0.739105123000832 -0.15328045617633 -0.129616217786522 -0.663945879245518 -0.877917818510934 0.213096404022231 -0.281445208811218
120.30585960922 -30.7745783214685 254.754747520461 -0.517964978923816 -0.37734699442768 -0.767672797869668 0.66396410360681 0.388467343896255 -0.638940365032127 0.0628612697441053 0.437358305684668 0.323992275615523 -0.11289320268838 0.68262608344803 0.343939784369615
120.952220623004 -30.3824626644278 255.067374700108 0.690393354415136 -0.202463195626524 0.694525499952508 -0.309865508806693 0.784755735041744 0.536788414514039 -0.138606632615236 0.434242638462698 -0.179526567954638 -0.0370100090024781 0.087276974867898 0.286290472009066
120.713624892216 -29.3951736735422 253.934185486522 -0.977180743383997 -0.0869025070943906 0.193818855876328 0.132323658645552 0.46472932109446 0.87550962724178 0.370892167611939 0.265047060158162 -0.36224688462912 0.657099985068468 0.0363970435624289 -0.824559790537983
121.704973212152 -29.6674814507397 253.383583705722 0.460272293890779 -0.494137570829916 0.737548286324643 -0.242318875327218 -0.869160530595181 -0.431093414625332 -0.417714874312024 -0.137973686731431 -0.132679352551566 -0.283256700562086 0.232217390329403 0.43930798116601
121.919346750424 -30.0608119081933 253.179752901371 -0.353784378867944 -0.347268807079827 0.868470488183242 -0.260535610674597 -0.855182879907463 -0.448088649021618 -0.0581023055857588 -0.207031825641613 -1.15779729622332 -0.321673795271107 -0.306778431578303 0.321981458421819
121.986680780443 -30.760890074397 252.111372406708 0.172773435483931 -0.603321409229252 -0.77855803654696 0.513384297612682 0.729742899821278 -0.451566010380144 0.841593584011029 0.11368633826226 -0.109903149856906 0.0331792701843591 -0.0561887619469692 0.0673714922185178
121.001671628139 -30.1656801304363 252.215760056611 0.836257027064868 0.449439045514807 0.314131705939951 0.168438285422757 0.334632147286145 -0.927173052790183 -0.321517271703997 0.15777220187224 0.330701296711408 0.0803397802592153 0.166381862261411 -0.559670349357185
120.822891748267 -30.9651027367648 252.050194887202 0.740808263554666 -0.325186467550625 0.587755797817073 0.318358133719931 -0.600515282920723 -0.733504937663023 0.245660827343707 -0.572247589910879 -0.0729676884182276 -0.412885133356132 -0.192609670063904 -0.0848087265124109
124.692593316855 -42.6802196432447 247.480179260778 -0.509751097777273 0.118906707011321 0.852065146105992 0.373779511375421 0.922654290372129 0.0948574568731434 -0.346790504696807 -0.121921026908064 0.192260406228767 0.648404632459453 0.106592329959949 0.0494761934361231
124.58572543118 -42.3059485477437 247.494395279937 0.244343609470432 -0.0299588789968107 0.969225807560461 0.214026174724995 0.976538638979924 -0.0237714730196744 0.0703922443378822 -0.406774664329019 -0.283451250974479 0.382480696160628 0.0923157236017663 0.310533249325916
124.467960588195 -41.7583837786511 247.779442826725 0.841576568268927 -0.0617018502565553 0.536602051198931 0.0407043910902426 0.997873744703798 0.050903261637758 0.434369367430265 -0.0238087213542977 0.170753949847699 0.386939523284646 -0.299308310153104 0.158969428026592
124.358107652897 -41.4308160285201 248.011184445374 0.957252109427136 0.043636500251012 -0.285944493998111 0.00827846281680944 0.984017459405893 0.177879466938049 -0.0868280091483057 -0.587572291624646 -0.221334207619369 -0.189054992107108 0.0783432568906505 -0.0842837987273288
124.515290111487 -41.0163072034031 248.275507131633 0.41102860080209 0.11207021654995 -0.904707552448849 -0.176164232442551 0.983473229341436 0.0417919799102227 -0.261988894629299 0.351145959434293 -0.143938409907894 -0.161074575535738 0.467601756118404 0.0623617372933832
124.670025408758 -40.4886712715452 248.39234366118 -0.369386498634398 -0.0972549577999248 -0.924172650407903 -0.17526962650097 0.983950650869002 -0.0334914102563367 0.355578420789016 -0.136152764575726 0.45488747017549 0.483524569948643 0.611594573785984 -0.227210362041163
124.766757308738 -40.0387905563114 248.209580734199 -0.83735093372702 -0.235805452001568 -0.493192865389562 -0.269833294389529 0.962904408933232 -0.0022566189737692 0.157639252017917 0.297074888576236 -0.474303102802433 0.460311741106523 -0.230621436222919 0.0335800176074648
124.711738170106 -39.7112936427897 247.795759383291 -0.959873602525715 -0.152433745378221 0.235386108943084 -0.202231377913331 0.957762294121576 -0.204435460507309 -0.371441324681296 0.699920430131003 0.552745151683236 -0.056710183591106 0.274309143723538 0.17324592179137
124.433186199982 -39.2643266119382 247.505201100958 -0.662671206101845 -0.222249991722294 0.715172576117053 -0.433966463721015 0.892238681250914 -0.124832863269538 -0.338537640719334 0.317647884954438 0.537093027407052 -0.168945313382452 -0.461109755988599 -0.0270608145020691
124.00829395837 -39.0401473028951 247.321962867211 -0.194295947707846 -0.0171692623619157 0.980792690041771 -0.608538111024329 0.786306456141855 -0.1067872836122 -0.240561904637978 -0.472226269825994 0.266803083041109 -0.089536636268834 0.222485003685098 -0.0126698949675627
123.526671854955 -38.8919955799459 247.239173925277 0.276894877668986 0.402863756008535 0.872370346118788 -0.691999285443394 0.713491576142598 -0.10984880353972 0.543345602478312 0.199430123510018 -0.0251014985581396 -0.0973255843292749 0.270319388287492 0.465537535806418
123.062490453376 -38.7090600224056 247.406265232267 0.639421863018994 0.634971938554255 0.433532371534851 -0.707568314777326 0.706591467742905 0.00869345908973353 -0.317483403188135 0.206123746434631 0.0443204432677658 -0.161250064834814 -0.0706879759076001 -0.836223170043539
122.726354034576 -38.3931253211207 247.699870942028 0.772640188004527 0.631431944536884 -0.065733080826706 -0.629670838314944 0.775416500379557 0.0473696622349698 0.586824999848318 -0.134010326530001 0.122019923759895 0.0856187239303374 0.0902243144723717 -0.262035469563788
122.527779734454 -37.9242041626096 247.968890436795 0.78361153834001 0.44463146677924 -0.433884564648453 -0.420150163014357 0.893754956391396 0.157085702713614 -0.180327390487385 0.439585859087161 -0.110534234625511 0.350371591092568 -0.0167554102195113 0.104538001416376
122.666351724345 -37.4901687245667 248.195214128909 0.133644164229889 0.34177394347084 -0.930231051369193 -0.405924698334012 0.875177601684201 0.263228616971443 0.167870745425049 0.252825961044269 -0.575779545618431 0.340462801864223 -0.633815936330289 0.446815821101168
122.669772935394 -36.9673234122316 248.277059301377 -0.216950523925407 -0.0332478689129264 -0.975616240160872 -0.433044334198509 0.898977871856273 0.0656611627217644 0.192873222322056 0.0482341968804646 -0.211744059203346 -0.469039219871979 0.165814056568243 -0.319722603730011
122.657551346018 -36.4292822120563 248.163047628141 -0.450562559087227 -0.396740287594234 -0.799744036853754 -0.512139745470782 0.848626799250571 -0.132459188443584 0.285392980054167 -0.657440922640202 -0.281403963761923 0.175208221654836 -0.411288639183151 -0.159604592773056
122.638278120781 -36.0853543107863 247.840306816402 -0.885716599486737 -0.442007842624605 -0.14189845310443 -0.436166419391759 0.897009826225262 -0.0716395447551951 -0.270154794648835 0.303616404164495 0.486346575505414 0.196067939138664 -0.449277865963875 -0.114310254390972
122.470711084401 -35.7502430485876 247.490996589231 -0.824094825067607 -0.371616476470707 0.427514810856182 -0.427176311430229 0.903361149796115 -0.0381972734877536 0.283340402238205 0.0938534560589068 0.521469780149045 -0.0195486570190509 0.492107546205087 0.00854672430346389
122.063591785905 -35.3093675384069 247.315845052068 -0.469161013754771 -0.341735176181241 0.814312600394177 -0.387787334968836 0.908158827831705 0.157697569939862 -0.253593675898286 -0.11684958272161 0.21771962678147 0.401989870292952 0.37561846393775 -0.387560438385721
121.649721407091 -35.0929071906088 247.262028107557 -0.0220268458764351 -0.0993538552007955 0.99480833802933 -0.608462432288379 0.790873812129799 0.0655139804424051 -0.123336061336812 0.00161113484332745 0.501674459564764 0.443430316835035 -0.05155936066033 0.316185645783499
121.147529144618 -34.8492878334038 247.435024187506 0.529247239734472 0.0768145567069227 0.844983362566944 -0.63631611923716 0.694701572149383 0.335397558026954 0.0788786794191879 -0.124880278795973 -0.143466720640446 -0.0693064695814397 -0.421596960171432 -0.211849897182983
120.725430149479 -34.7770137344496 247.815042268758 0.729588457626036 0.472597601507123 0.494319926179617 -0.680656838293931 0.57196203950352 0.457783457226257 -0.11858693548007 -0.143338545248606 0.128324511188941 0.259311091554413 -0.151170821213936 -0.0992660839835706
120.648682768022 -34.6752073407389 248.364368398113 0.662714459078583 0.742637272107637 -0.0964335389222282 -0.550349543823027 0.570306123458838 0.609808416493545 -0.0372485129214081 0.169586164907711 -0.0739270545780483 -0.475615034375853 0.116710254645809 0.575077125065129
120.615197613055 -34.4777454402889 248.796319437859 0.136373464673045 0.765612574980697 -0.628680890084145 -0.547006882813933 0.587290913165323 0.596550795744693 -0.149547780459487 -0.233046804889655 0.12397390613102 -0.3485355914732 0.066548916778776 -0.364953396931428
120.702584218249 -34.1024302962638 249.193947434608 -0.297372902294924 0.568894483792336 -0.766764907392208 -0.245575672246036 0.730500546477992 0.637229582404454 -0.313720142191555 0.0206809533958994 0.0767300022098086 0.0883640715756437 -0.46266756086988 0.106106774692017
120.861765678706 -33.6551205042546 249.416273051103 -0.741347839869423 0.218579397200244 -0.634528507945152 -0.231420286131123 0.804227237814011 0.547415017203768 -0.301716363433379 0.32324119756608 0.175542636011099 0.12719272606827 0.334618684824614 -0.101509430810064
120.85436504733 -33.1291714678497 249.502813075035 -0.844557757217135 -0.0910182144799401 -0.527672132294296 -0.313067576920637 0.883401768870404 0.34869758637147 -0.0779313853345978 0.669552422635145 0.0106627989937974 -0.198141540515696 0.590507743375302 -0.506308232681916
120.825752269844 -32.6226007480709 249.436903926135 -0.906240306009789 -0.41098102984644 0.0991115506118515 -0.354897944898821 0.866956233790366 0.349906180451034 0.0954058823552449 -0.0503287490743811 0.0483247253759246 0.156998975908075 -0.334669511941514 0.136364808083024
120.51714563637 -32.1967612750329 249.365208590536 -0.562456599922577 -0.583204401382436 0.586101697157808 -0.45410673073846 0.810268201485476 0.370476070426969 -0.113834985893341 -0.00152407796928642 -0.192767211586785 0.118121495031902 -0.107045927051938 -0.0502256069419006
120.096535297223 -31.8864230083187 249.407975794901 0.0302626807004584 -0.482731792507893 0.875245215073693 -0.384155654311678 0.802775154354585 0.456044388849957 -0.23016007125793 0.0391308734599309 0.374118793379568 0.0973847263914912 -0.0546540105844329 0.0925090447412992
119.638332385262 -31.7249528248117 249.681503975478 0.598722996264303 -0.196739311392207 0.776417682012436 -0.453094727222768 0.716159719439267 0.530867614558094 -0.620407056084444 0.292837639072682 -0.134742484539831 0.475425989980224 -0.119582952934899 -0.27692949344093
119.335082756063 -31.5713925064866 250.098114062602 0.886000291871638 0.242231303875628 0.395382698371848 -0.451231917531519 0.646709727258916 0.614944131774689 0.2195524681801 -0.227612217580933 -0.226753529400281 -0.444346681888202 0.225988559902475 -0.209553877489174
119.273172875456 -31.3958169693645 250.648770503707 0.871889456185828 0.440714741017769 -0.213493074898489 -0.147125614462823 0.651568419463764 0.744185896272488 -0.544087571679947 -0.525927429966273 -0.456381966943857 -0.0495398477857275 0.549344342818851 -0.248862641803114
119.477507431207 -31.1518004992373 251.173219073817 0.366931965078591 0.604217263420662 -0.707306462283679 -0.124464759646779 0.785393581396565 0.606354224779079 0.171337934404381 0.244161165379896 0.0886006526561618 -0.380559767181104 -0.183910884059178 0.034409633879386
119.696147541039 -30.7444513938901 251.522662005883 -0.125943854348369 0.500783655798265 -0.856360832582972 -0.0954880860885665 0.853106676921812 0.512923993486771 -0.760117713568566 0.180158498488723 0.39569243694393 -0.185777698411302 0.087606391589427 -0.397995896702038
119.865552997644 -30.2326059872945 251.595494082231 -0.730255019871289 0.132275215254857 -0.670246874922443 -0.193228771331962 0.901025928954006 0.388348963200467 -0.397875717060982 0.261242700933173 -0.0546009695336001 0.213648055494038 0.0468428440772396 -0.0913029744406918
119.85909273048 -29.6818470943683 251.590552533459 -0.913885973856752 -0.185484567080423 -0.361120342829588 -0.279003913904533 0.933126291399578 0.226786551948024 0.135238136118285 0.28455782419948 -0.157833905183022 0.0515557597653827 -0.0103232458694828 0.470338340537621
119.59595788119 -29.189433798343 251.44279912199 -0.869868218641816 -0.48976259175943 0.0588377910309447 -0.485913921498054 0.871295887805173 0.0687832573808433 -0.471802404368368 -0.136907639358925 0.156270767977661 -0.266972396589651 0.0843128865954867 0.315420383304321
119.187451172241 -28.8629412631643 251.197126902206 -0.467160266232735 -0.466405514072961 0.751150572015144 -0.483491918430485 0.846037011823665 0.22462622071002 0.251598052614721 0.00964202279740856 0.077524187372895 -0.181719151179815 -0.486814576033876 0.0062397862093005
118.716554898029 -28.5982393251316 251.212749237671 0.0496074067220558 -0.380509907339032 0.923445350105233 -0.660034745261397 0.681428406967301 0.316242723224068 -0.0330046915447567 0.106640586230223 0.0866993540339679 0.17309369012391 -0.268996582740259 0.4780587233513
118.17464809787 -28.4624886505945 251.406889084865 0.647214024965271 -0.0285951874016424 0.761771830075997 -0.563230758996955 0.655459084328365 0.503134674634889 1.04309176411634 -0.179377588499644 -0.433515175619097 0.0872021527237009 -0.0669649660094876 0.152417126565159
117.865617663381 -28.2544432406174 251.695772200118 0.831870633291608 0.254748423258964 0.493046133883797 -0.541568402413491 0.566692314574409 0.62093758613034 0.183478122651785 -0.0197746920341012 -0.363529048260933 0.517907771092196 -0.0779872381552097 -0.272012074322978
117.660149611015 -28.0811944891957 252.215775179509 0.835066602525191 0.521994077820145 -0.173741047905673 -0.337974333865717 0.735941412155771 0.586654572242682 -0.0347181238591749 -0.0645351968645626 -0.564108595262827 -0.185047103628428 0.0971646547589241 0.322208896262552
117.670035358108 -27.7587377869073 252.684535320416 0.634056553168154 0.512538659521482 -0.579030577220122 -0.0177226280939275 0.758226600892788 0.651750204807331 0.262792010771959 -0.149375276434343 0.237146986572737 0.52834451588891 0.358249446920959 -0.0591506818105792
117.966947457501 -27.5405593020167 253.047227541012 0.0664231037476968 0.608930529077407 -0.790437587894455 0.129246766381954 0.78026220663921 0.61195274343857 0.0443908514328829 -0.119693981435276 -0.00986733197543782 -0.578131689444344 0.0355753119989259 0.126187191692977
118.194892873135 -27.1581401948792 253.202506519684 -0.671905885533807 0.462408326093343 -0.578550793691916 0.123218614167992 0.840058143531189 0.528317601943194 0.00436682900217856 -0.0826530259836721 -0.44044989218233 0.270924384916912 0.0363917966761004 0.0107057737040258
118.358690977661 -26.585161252215 254.885251097297 0.36290628601614 -0.240268873496582 0.900316552699903 0.123786068405622 0.970053153698197 0.208982980354761 0.0596237362390835 -0.497771559086494 -0.0237679626137337 0.471114006178988 0.22353973503138 -0.267073993935045
118.378439725503 -26.0746522460095 255.117683257955 0.886410536506706 -0.373995513270391 0.272770446960043 0.278510893354562 0.901566657375235 0.331072868793886 0.188719846794633 -0.460350497398108 -0.0612438175517834 -0.289808693949478 0.135185605905167 -0.21528021387792
118.529011499366 -25.842516564379 255.54097324074 0.879702097794544 -0.04456360634352 -0.473432470441689 0.335486978070591 0.763745438263679 0.55149015674386 -0.049197477873663 0.180042715264205 -0.0239983013776836 -0.442211200171561 -0.0950937734376649 -0.01509079562334
117.961767636456 -24.3923415056232 255.720671064095 0.384432775433625 0.752911235125453 -0.534168618360903 -0.734935998563256 -0.100545722385373 -0.670641212198583 -0.332037476436018 0.277135441431712 -0.504549861740242 0.301394169293181 -0.389226321361482 0.0407514172631352
117.544201413697 -24.1759683587648 255.514632379214 0.701626837941333 0.0679751178931939 -0.709294835342739 -0.695158503850591 -0.153253733126155 -0.702330369284673 -0.59484659096997 -0.210387101784189 0.317518362175191 -0.0386566384052923 0.182436860330766 -0.0688744918960637
117.284117897713 -24.0832426172662 255.04762212078 0.656357194180754 -0.727872976083507 -0.198484666495375 -0.663100607734868 -0.431078542449881 -0.611938618808164 0.481424542299538 0.0939650264985559 0.521515620144781 -0.176899028062172 -0.175628591023387 -0.387319968973778
117.134161957924 -24.1866451882878 254.570357816316 0.321971744727042 -0.928253113219157 0.186226618177417 -0.635069509284476 -0.357638801949814 -0.684675985903238 0.363506687911129 0.365483271544418 -0.343419883043326 -0.105902061429439 0.123919422595252 -0.150885827921082
117.006850330484 -24.4474314099444 254.194866630687 -0.267316092090079 -0.740711222894247 0.616351353602179 -0.618963765855289 -0.358235123243272 -0.698964557727372 -0.0223415151850193 0.238522342350185 0.160051129411823 0.157264044303241 0.57131476885084 0.00952034685831994
116.897985240639 -24.8162894109292 254.006845219707 -0.673005826981594 -0.560368108833643 0.482753290217 0.382046236310141 -0.82224958862173 -0.421836801437374 -0.502168067039673 0.0480621031197376 0.0154594418808404 0.0655525132718735 -0.378703503593627 -0.376693133339343
117.126126709738 -25.1416603195805 254.084492168267 -0.854614698196408 -0.408407827191084 -0.320681717886853 0.508651701805288 -0.782641493846929 -0.358811563607076 -0.413929763681019 -0.0758168339260925 -0.130368036431115 0.0371132644389907 -0.0128942202823396 -0.67355257795806
117.244875908307 -25.6607220181726 254.06844740716 -0.739019099809817 0.060929744287179 -0.670923493971238 0.424688131136271 -0.730957221788591 -0.534173687755161 -0.355129943876306 -0.0610552414617491 -0.0350979601421274 0.0759846465022844 -0.162740805945248 0.0353698296201804
117.269350925583 -26.1349654086401 253.848414988768 -0.125527982822728 0.723826668637567 -0.67846715334886 0.472063743085343 -0.557917220803524 -0.682557101028343 -0.0163979545583348 0.177390856035839 -0.28836359975243 -0.341359184244242 0.137893344938668 0.361276117672458
117.235751718524 -26.3842079611062 253.402870142289 0.740161200077444 0.626748239762985 -0.243614534865979 0.341826901927278 -0.662684261688817 -0.666336205054259 0.140007826308191 0.319355267496534 0.252694265948421 -0.131192542441227 -0.509506597950037 -0.176561840004052
117.264753485059 -26.5392470865821 252.831463759967 0.927223545110144 0.28608763232385 0.241682358883282 0.374259647987539 -0.684323521327063 -0.625804308196453 0.401722548828005 -0.191092144078908 0.0210835537343682 0.326504463243348 0.141864977423308 -0.015060754900473
117.566442869721 -26.5924944195328 252.43216704381 0.532344983940968 -0.398404587984353 0.746915391641485 0.33781976378083 -0.709045233828164 -0.618977110631325 -0.370476083398666 0.335534659343712 0.225107145598984 -0.107571712688582 0.315271302124476 0.0882851827981732
117.971448572823 -26.7964378721915 252.138269072517 -0.0556768525070578 -0.710313204297626 0.701680297381515 0.347565892083439 -0.672604072973673 -0.653300628744602 0.0910315826265992 0.0970983461117374 -0.153204642476961 0.282250150747396 -0.440521085389626 0.157859408005125
118.334278151636 -27.0904026291019 251.911997703383 -0.557182806142944 -0.540411878428767 0.630477851175201 0.347651261884855 -0.84132294787241 -0.413901311505627 0.372591838623362 0.670774023991769 0.378168434326921 0.29063893162655 0.358108108096724 -0.34183893759283
118.685816592441 -27.5363928792586 252.036506054257 -0.852151092560721 -0.431639439036557 0.295847781861237 0.352334045028355 -0.891264846811268 -0.285495522651286 -0.541734630222437 -0.076584989968516 0.25015515509791 -0.322392737454234 -0.134158670631087 0.0918737414413654
118.896053468031 -28.0065867808247 252.235021785392 -0.869049913761262 -0.209211983620456 -0.448310820939227 0.334392742539314 -0.916242122745838 -0.220639670689518 0.228022753859693 0.199322853934626 0.102430828083979 0.504571714294487 -0.538816991317016 0.258343914132671
119.024452776352 -28.5267757208702 252.278192903391 -0.755369750118491 0.124728127818952 -0.643319076878422 0.0826688748750545 -0.95573741549549 -0.282368287244728 0.0295459212810125 -0.0123058870850536 0.328981416704309 -0.371704604439655 -0.293524385393761 0.11428295779275
118.82303785168 -28.9646006706801 252.289208315186 -0.0486686288112899 0.35294260390321 -0.934378340310845 0.225985402401909 -0.907337265304251 -0.354499202768387 0.1192067766953 -0.449579885491812 0.54645523233712 -0.0927523614587703 0.0140550113744718 -0.032943485318169
118.704249097645 -29.5452835237874 252.052732070753 0.352706494389581 0.669512162928676 -0.653721340877811 0.375925821219111 -0.74114541348039 -0.556222304419056 0.317253682334179 0.378755623846184 0.429349136700899 -0.0765378154892179 -0.0475965639043245 -0.286924127251676
118.570109749071 -29.7861881547094 251.641118447835 0.838302274674614 0.507658368406426 -0.198827254622801 0.384621644305053 -0.809130396082731 -0.444268154147471 0.129183346310529 0.0766056799079999 -0.00636019941885484 0.45998332199615 -0.567670714160917 -0.795346840179034
118.743729015107 -29.935607406705 251.138065753228 0.904014593800675 0.24036093476571 0.35353109329364 0.409218631511954 -0.725798278137316 -0.552952954444104 -0.0470536284068575 0.4871994559444 -0.165823213243554 0.10469703858655 -0.0320636586969937 0.36993196140393
119.07536987692 -30.0255295259184 250.729068213548 0.623031137147721 -0.173119862113409 0.7627986073912 0.513601706530231 -0.64497968233685 -0.565874982967217 0.101750417447098 -0.201499705365697 0.0905138640827181 0.171467460938983 -0.337553654237419 0.0749430824044469
119.50893454234 -30.1296068035564 250.498763098253 0.115256560269013 -0.50506330699055 0.855351962927749 0.582761284831448 -0.662952588688033 -0.469982072773455 -0.00760374037901983 0.103089943602953 -0.133071085149737 -0.0338201526786645 0.0557218003956841 -0.421507425283846
120.015614645999 -30.4511346134964 250.385397463606 -0.545584781290237 -0.560356231234268 0.623167826904339 0.393383601179179 -0.827813850221526 -0.399966963182131 0.494300163106931 0.180015290034785 0.249561522261274 0.180715808035068 0.205041936019778 0.117146996304528
120.304547175844 -30.8389235499368 250.439297807845 -0.907857177306082 -0.413565134230432 0.0689871303083913 0.373734978525681 -0.872790741351008 -0.313940259158575 -0.33904475477527 0.683351320121465 -0.162423508940527 0.0398703372581678 0.0681941079203713 -0.298215562922529
120.465827483033 -31.4040257783469 250.552425254661 -0.95224477100284 -0.0525074149255326 -0.300787079916156 0.175905340402342 -0.899538722968553 -0.399859221517105 -0.0435368552018456 0.423290544032315 -0.0145200151889317 0.324569130928833 0.0939072215955343 -0.454932622294211
120.414740500143 -31.9723438735829 250.51998276634 -0.687031723554459 0.280771644839244 -0.670190041670137 0.0530281619480485 -0.90049658651702 -0.431617779727513 -0.11445317864473 0.444458372694492 -0.187626740080141 0.258428172562884 0.00332233713958411 0.636695311105654
120.182134820822 -32.5058496848371 250.4530381591 -0.182626225307644 0.490012573366019 -0.85237042281204 0.0099853510386801 -0.865981309663078 -0.499976660664934 0.202538015064228 -0.625990338164761 0.362578482914874 0.326002198743067 0.456802933016727 0.722204655977592
119.865521602192 -32.840354021819 250.073287368884 0.602796210612958 0.552531384734899 -0.575626438970688 0.154194026453454 -0.788500082604781 -0.595392157990888 -0.208839802989696 0.102365710152365 0.547186070891789 0.225967510734851 -0.0538689049402449 0.174933073651977
119.712713235857 -33.0633336648113 249.58875067378 0.863178635552036 0.426069751989515 -0.270900737121489 0.0769537052560245 -0.641296509242514 -0.763424465299272 -0.0494058229196913 -0.017670738059413 0.0911986001936172 -0.298345455593495 -0.309799858364762 -0.220649802884913
119.765154221607 -33.168165384833 249.067287639695 0.976738825192599 0.0705892922045674 0.202480660871117 0.205350457652891 -0.579813221431818 -0.788446457186039 -0.180597414410393 0.242582898923903 0.178959936323635 -0.43655736847703 0.213231688216866 -0.286579104838959
120.031678874018 -33.2456173762984 248.569007718576 0.666622704176488 -0.301628597605163 0.681640931371537 0.429313949521479 -0.592196207177635 -0.681904087741839 -0.0457635881327653 0.320518608395237 -0.275155257306178 -0.0125784566773029 0.17407997171561 -0.0953017166092916
120.382255038071 -33.4641779423237 248.235651025859 0.232222239544085 -0.495419484121471 0.837037851758202 0.667664382402522 -0.544607010570983 -0.507570167767903 0.421201692020382 -0.311676557809284 -0.0514340168259879 -0.11900520794529 -0.204630678086721 0.0180703633678456
120.932863601277 -33.5187681229321 248.193275440126 -0.223040798770444 -0.854005707272349 0.470028779804046 0.708147531949946 -0.473309575922615 -0.523932360317205 0.0276532692434753 -0.334113025208418 -0.113123093022268 -0.307299691582386 0.114396166803521 0.301633969759406
121.420932586603 -33.7853860881962 248.169064127083 -0.636414927938647 -0.751703883057089 0.172966215195259 0.708960678342174 -0.65839092725482 -0.252776864815385 -0.0313153950093221 -0.0974925208014386 -0.18429836632953 0.158870205933632 0.426924558480163 0.0426270872525336
121.70356738331 -34.1683296147549 248.325164347253 -0.798116858534946 -0.490468595437272 -0.34992861540498 0.548992543801937 -0.831288392024875 -0.0869873249928251 0.495193747824201 -0.503388396543685 -0.628599137217008 0.206627099142999 0.3177026706474 -0.351399612837015
121.70165459618 -34.6612330356214 248.532138903031 -0.543786449637172 -0.221104851027569 -0.809573308546528 0.353869677062052 -0.935127192572825 0.0177026875251846 0.251682275311745 -0.240093708073381 -0.093054569924839 0.0544671273799639 -0.520145866937998 -0.0823044398744847
121.599570158499 -35.2298096741942 248.502119694587 0.0281030547478708 0.116689849208444 -0.992770717344767 0.400289441576445 -0.911368490230541 -0.0957905928933932 0.0790585903570992 0.213333788129921 0.0327640529872264 0.120210168786471 -0.123051311588539 -0.740382986001784
121.531266540488 -35.7311163082816 248.262883230771 0.47408495243244 0.362416458013168 -0.802432407551746 0.327708378270185 -0.918512067757806 -0.221230196702084 -0.0316210449203964 -0.238416717752324 0.239547541745685 0.0950218670975149 -0.16921752850457 0.0864780197452931
121.429897734652 -36.1562586771546 247.897640076277 0.919422173610519 0.308684001618676 -0.243674070117613 0.243038250879452 -0.933108538620054 -0.265029926704628 -0.0781368497613847 -0.126232445917592 -0.130115479202325 -0.586265686554679 -0.132524793649948 -0.109434034629298
121.632586462043 -36.654397305647 247.608169789519 0.821399004812997 0.51407477534814 0.247044125598996 0.562790330933489 -0.800836404724219 -0.204763512331548 -0.285649179126393 0.171985240657785 -0.123770135570877 -0.177786564225197 0.164900491355713 0.280154596712039
122.013246454581 -36.8827706906035 247.21211023482 0.593111507992959 0.39648149425449 0.700729023035169 0.672405602043473 -0.722623541646467 -0.160268285357616 -0.0142357420349461 -0.124167198878519 -0.434949354035119 0.679751286183109 0.232266623980737 -0.319211478984116
122.504728118669 -37.0296068119243 247.108703494714 0.175596574540815 0.140665963655156 0.974360779969411 0.725754970029708 -0.687228066623172 -0.0315801796108478 -0.465861841992317 0.0639401422080603 0.257709508928098 0.530056174733121 0.682483645147424 0.184416468234546
122.960908964757 -37.1517195623232 247.075609878601 -0.399964276435873 -0.26508679440424 0.877358289952885 0.474811010092701 -0.878720167967002 -0.0490445818027807 -0.00627219207640682 -0.156473362511837 0.172225882289457 0.534377254740806 0.267325024466286 -0.0891601105876232
123.399177687624 -37.4433756926868 247.271335762488 -0.717232985498794 -0.313763037680832 0.622197395993818 0.49063356012014 -0.86143721391983 0.131166437704985 0.256000469655922 -0.483461981016645 -0.251339325252469 -0.613313147978234 0.133854760622987 0.432077117490025
123.699367917207 -37.6226062421245 247.693885486101 -0.836979967163115 -0.542408597731265 -0.0725082575434318 0.518439498438356 -0.828362520738631 0.212216918244857 0.0331371185357449 0.651229586683059 0.0127771748185295 -0.466625986827277 0.108023612592936 0.321072213305073
123.853933545989 -38.0422600752083 248.043286593084 -0.700639109011407 -0.464097690445517 -0.541957721896561 0.371063507076335 -0.885765295763925 0.278804078323754 -0.427690751673669 0.242761590908825 0.135314426330278 -0.0751429847136993 -0.723088350764497 0.321511988942743
123.764088413065 -38.5425509054795 248.331283407792 -0.159887997782511 -0.199803087360702 -0.966702929741103 0.483241958213389 -0.869774947315709 0.0998436310554802 -0.357348291669601 -0.205429364589255 -0.0796612995014342 0.163761369937473 -0.516994073680532 -0.0721353732244665
123.632774920717 -39.0377711971695 248.431401085972 0.270686272752429 -0.041376468258479 -0.961778003750343 0.256687750250905 -0.959802733566531 0.113534617483796 0.352960676989068 0.124492301094042 0.174311414461161 -0.157811021924838 0.207425686951442 0.0747730768805661
123.637942803776 -39.5601536807639 248.361645668435 0.640820105034491 0.215164369817242 -0.736921900117183 0.387086041197459 -0.919523347464376 0.0681264269250651 -0.00888030512517211 0.381189357221052 -0.00324276610878792 -0.128653479176609 0.229714352099998 -0.259604437385151
123.599386877287 -40.004178222746 248.055580712461 0.90021974118821 0.378553087294424 -0.215178940193301 0.366184852791489 -0.925545910761983 -0.0962985913717579 0.195672027938892 0.175642597538731 -0.709176691092064 -0.0940244292599492 0.627009355575385 0.111122860552148
123.73019679208 -40.3160191596585 247.645891151776 0.878501073855608 0.204170004585627 0.431914888091892 0.355581894588544 -0.883226282161316 -0.305733295478253 0.417032322713857 0.568851540186157 0.245316144260484 -0.37447760855004 -0.0352473842717109 0.202537654253587
124.130907989938 -40.6361243369264 247.294870653604 0.351028282038943 0.0438855747838185 0.935335876282208 0.420518669211676 -0.899889684554791 -0.115596731309706 -0.151716847618035 0.61535910313691 -0.071181330177305 0.32110708138553 0.0259954573148247 -0.104251944362467
