t = 5000000
b = 47.977462 47.977462 47.977462
E = -1.08080629773988 -1.22810846363075 0.14730216589087
-25.5122967220015 -39.5288019076587 -81.9590748277771 -0.0973467425556732 0.995247810938673 0.00232515776338486 0.518604383096025 0.0487312157173314 0.853624485574667 -0.526030422934906 0.0435423913087852 0.312002479852507 0.151498771239257 -0.301161639459159 -0.155689818452785
-26.6701109320067 -39.1399127475165 -81.6870514497873 -0.947028106570926 -0.116048854473707 0.299450208616329 0.275910046891757 0.183173938584888 0.943568202728438 -0.309587644137142 -0.102055069207563 0.489287620067864 -0.67044392014546 -0.150488750441504 0.061369354591318
-26.1709285809138 -38.8732547244847 -81.5181910466906 0.90083286599395 -0.0348207055297541 -0.432767450182756 -0.138012098741915 -0.968043285910848 -0.209391635661688 -0.362988827389525 0.182439202881928 0.107050034911872 0.241443260248402 -0.0553102423864274 -0.393173369497123
-26.0142975466086 -39.2336844636846 -80.4227563357058 0.160368178215044 0.983062386894424 0.0887152214288661 -0.944995639966507 0.178870676198036 -0.273840321008043 -0.0646252048521948 -0.565211512821829 0.646226727601269 0.435579787523744 0.385066024741942 0.684967898420133
-26.1121749171234 -40.7154328996903 -81.1621009333464 0.478260770481442 -0.348301530469742 -0.806196426604315 0.840172207150538 -0.0858084925194576 0.535488154614237 -0.22567535260023 0.251884235462748 -0.090106197922511 -0.190052988562411 -0.454774551069292 -0.258981322977397
-25.7209113711288 -40.9710875127436 -80.9007715870808 0.344349230902024 0.249248961128492 -0.905151126828527 0.921418600105328 -0.274601152887232 0.274921752635557 -0.0924278499886226 0.0549284451447615 0.0663856045395035 0.540786807246529 0.0573240065134653 0.586361347094777
-25.1963811290359 -41.1223892794654 -80.0664964842609 -0.196013050054822 0.918137563258824 0.344386840359068 -0.424192956317514 -0.396030289568904 0.814383412939332 0.385824615103497 0.0215007354231875 0.209276265196331 0.0748943574227464 0.0307336510246316 0.110096108245967
-25.0640646542518 -41.2056955313007 -79.5778817701163 -0.809109629044074 0.580523843248051 -0.0912889660262851 -0.363444842574217 -0.372258839427946 0.854008900743161 0.166054346769298 -0.488131381645305 0.396953331923402 0.236941391281112 -0.523974264881327 -0.098911636803405
-25.3256305269393 -41.1672155749666 -79.1138874965079 -0.70313809104656 -0.266860126384004 -0.659077004484066 -0.410122292486711 -0.604978665074643 0.682495802170686 0.415319245969501 0.225266361480209 -0.223261699034558 0.271952571227085 -0.00921791325434372 0.312954088581981
-25.3221751986057 -40.2731908861777 -78.6760124486848 -0.603684920415309 0.00518174540725337 0.797206161157827 0.796086236248652 -0.0494640047103931 0.603158365707752 0.116888678009753 0.344278560661157 0.0279849389975987 -0.43822630294887 -0.151619504840193 0.417124260532122
-24.8942598140538 -40.106264828919 -78.3490761027277 -0.689987263676043 -0.480679410558934 0.541169916931664 0.66512951653429 -0.126136436326733 0.735997503252556 -0.165782212716635 0.283864834187625 -0.125301775162845 0.185512273811426 0.108667966567305 -0.293053104204344
-24.3391430408309 -39.3092113572657 -78.073317760718 -0.247070207071612 0.744274313641395 0.620493399435202 0.941498718340289 0.0329174473870849 0.335405135544623 0.0385366913672859 -0.167802521072209 0.406558730548214 -0.103315271597225 0.0139693337698305 -0.433922927719947
-25.0570078042079 -39.2307504853068 -78.8402631723235 -0.236836014763305 0.473100119467772 -0.848578209522004 -0.111833819005627 -0.880897066867399 -0.459906025835856 0.0207428826236887 0.606609704538628 0.193840992172875 -0.0942157872483265 -0.0260527745687307 -0.241782913175367
-25.4607302396524 -39.5578380638822 -79.1053274819444 0.418529576125124 0.505619401930711 -0.754441524753713 -0.00482897890603515 -0.829446214757554 -0.558565714798894 0.246190052287391 0.462181314944295 0.0573254588227992 -0.0547901335384143 0.0542971615959831 -0.343060204365412
-25.6765953037601 -39.738152222291 -79.5430232882418 0.975673198634148 -0.079952995344446 -0.204130659182713 -0.149173996560296 -0.924448684040242 -0.35091558017623 0.156530074269213 0.0995564160387849 0.300416050316471 0.489842786163358 0.451787424324634 0.519184858583678
-26.9822887701421 -39.5154414513588 -79.3596958594348 -0.929111458026316 0.185441741223973 -0.319942587109006 -0.2164507468592 0.42877904562582 0.877096120220423 -0.0397439007104826 -0.115867806797994 -0.0936230894691811 -0.48901467181988 -0.276360894965957 0.0542201795042529
-27.2057858184805 -39.085277851725 -79.073812299352 -0.868152075028848 -0.43007035939218 -0.247692266605381 -0.444129784566797 0.45048641311338 0.774474482517844 0.11430221551972 -0.630112663382388 0.296735502381125 -0.893986801824938 0.244738609386314 -0.386256698832713
-27.5017542599746 -38.7264320299403 -78.9216238347152 -0.385231108437648 -0.86864435043989 0.311534886403594 -0.328463602386982 0.444548940656478 0.833359406990281 0.333319156038992 0.481973955916047 0.093458671804182 -0.0128232406453214 -0.048458950556243 0.298442647427094
-26.625957659456 -37.748516194963 -79.2050548134003 0.37685800008562 0.815894176744308 0.438514238740529 0.417463060188718 0.273003816613414 -0.866714201906425 -0.32894433771099 -0.250652549278804 0.568170958936263 0.52522966671151 -0.140431478707298 0.0931504924201274
-26.2450932429846 -37.6847659134681 -79.7002581522945 0.371795522037396 0.655631713533595 0.657202515033537 0.480968306046631 0.469474526499483 -0.740447943717816 0.251049476767817 0.00460534288550997 0.112835050746748 -0.149394742036969 -0.105545460417507 -0.517781571131246
-25.0080221057072 -37.7738410290867 -79.7304427983251 0.616144230658295 -0.727020772529194 0.302996836843136 -0.11716189038042 -0.465012293604573 -0.877517326373851 -0.0460727117195069 0.594236029744739 0.480492520785815 -0.296149813395826 0.217350115975471 0.111677888189471
-24.8554196679201 -37.9948969835669 -80.1326275047655 -0.213489664878547 -0.658417579990174 0.721739878728442 -0.235672665267147 -0.682244425412219 -0.692098936555891 0.392397040160605 0.0146417364306848 0.144948055723487 -0.425182229250761 0.341123519462631 0.257018090799
-24.7142916549165 -38.3422037952709 -80.400164674569 -0.72538855388162 -0.305636140186785 0.616764132918139 -0.0732434890589387 -0.856658321081904 -0.510658312527977 -0.173990269428533 -0.16436541621096 -0.25797391497517 0.419160147102192 -0.00909753916194829 -0.184048578806273
-24.3373647044314 -38.4194453847296 -80.5739479254105 0.415717074050978 0.751014942856795 -0.512987200267864 -0.724172805581205 0.614564148207236 0.312865232184227 -0.0101461866852518 -0.441437545556315 0.111384877828044 0.0362203466544008 -0.114549921787157 -0.0510898842793593
-24.2029282194437 -39.6942358029596 -80.6031402069863 0.195938680447546 -0.536871106259935 -0.82059578858214 0.720175360293529 -0.489168874557635 0.491997217558845 0.530831187854433 0.66675999265003 0.564082271964222 -0.0143673140494477 -0.521030579186012 0.58067133741672
-23.5571788455609 -39.6961494001008 -80.3299757929582 0.870863551246271 0.17491738644141 -0.459347997649722 -0.460300768522254 0.617998255978059 -0.637339280128762 0.10381980212965 0.402908011787681 0.515471166923934 -0.662045222600841 -0.137607160517428 0.470848429617647
-26.9478728516667 -37.6691015687228 -92.6465935098441 0.656375033981134 -0.561395535908372 0.503990939327381 0.102227278913843 0.728059242543641 0.677849041212559 -0.36758229614093 -0.0798152934800898 0.21028226454641 0.0715177157930962 -0.35109209473976 0.173877150420826
-26.841398046137 -37.2853450125238 -92.3156437547842 0.790534843974944 -0.576711887596172 0.206053534298712 0.0154999818275524 0.355193257876168 0.93466437824354 -0.15152860464443 -0.572190552408315 -0.0221753282822965 0.496923944164191 -0.337696140777882 -0.781466987986043
-26.9503572992836 -37.4359061817193 -91.8973184587282 0.978886108632201 0.197401077875332 -0.0530546955932459 -0.0409797226129266 0.443808177951151 0.895184318159611 0.238885977040346 -0.522098735193353 0.377486832702118 0.392292470981387 -0.104505390074563 0.0730435740855575
-26.8777742761699 -37.4725923388892 -91.3832998970488 0.638360828969301 0.657079539906625 -0.400926337695043 0.142897255716343 0.410643855213081 0.900528731803991 -0.167263044614261 0.0901368069412281 -0.385932838204553 -0.0277774740210724 -0.483294666548687 0.0555286486532226
-26.5361334965221 -37.4286678189384 -91.0172857860413 0.135283848320891 0.916005088512416 -0.377667787092501 0.193878973570997 0.349329691644922 0.916722264166815 0.0225958327821052 0.396521032305598 0.114368633430544 0.261773653286513 0.350043375595348 0.372838998131078
-26.2093815023613 -37.0944771401775 -90.6048274461244 -0.415541236181963 0.744762000004529 -0.522163809772477 0.149084319513337 0.622079414288909 0.768629343611981 0.248137950678555 -0.183652278360443 -0.066069394514875 0.191974684645874 0.448125063458761 -0.227362448677152
-26.008123334461 -36.6813880631802 -90.3662492117608 -0.752795814654078 0.461589815671881 -0.4692902122931 0.12569276181633 0.800612837877245 0.585850162821196 -0.276063270098351 -0.391533005930869 0.0179863302639196 -0.198008407919865 0.190292211320846 -0.163787816118105
-25.8517944846096 -36.1915597622073 -90.4678324087129 -0.973248001970104 0.124868568370412 0.192863078708899 0.21486945737065 0.791917614900015 0.571574673412108 0.118459308239507 0.0826635240885776 -0.0212070437151789 -0.147381955520108 -0.0706503053116098 -0.00709311617788965
-25.9087366880093 -35.5895768035218 -90.3498229408781 -0.789712568814043 -0.327875784476963 0.518508947286547 0.115221776212661 0.750884455169298 0.650304910838849 0.530571831787785 -0.263625228992171 0.227652228007092 -0.187635590303283 0.00882405170298754 0.388804919633359
-26.1395450821255 -35.1397405955112 -90.2781960623304 -0.261965821233464 -0.595831456011328 0.759182971572159 -0.0370829552404088 0.792288934959835 0.609018142330489 0.118476037925604 -0.233551214750583 -0.27386526351756 0.233641024385353 0.176343311132571 -0.4726272590305
-26.4063865418249 -34.7439971069586 -90.0501507353154 0.28436570820396 -0.603874578211015 0.744628523320268 -0.226800960864687 0.712274260130457 0.664248976251453 -0.213233899284724 -0.180434018466611 0.938601060196456 -0.331375531646064 -0.218833359033221 -0.576273823135116
-26.6798304335621 -34.4981919406108 -89.6181665420546 0.697193269066575 -0.547223252752031 0.463107175416486 -0.0814097566528316 0.581385691901471 0.809545012870485 0.103577845574007 -0.213854416126958 -0.284539867209643 0.238794765873227 -0.343144088890842 -0.472073884898081
-26.7976936183155 -34.4263002255613 -89.1619089744154 0.99262290027961 -0.121012563859902 0.00746564945395777 0.0620374879835128 0.559846644233244 0.826270587852316 -0.107657655848738 -0.0463958147544609 0.222188660616687 0.506646115835893 0.270330486854103 0.295151961954943
-26.7373019189066 -34.4956541044709 -88.6733720705285 0.898667578895053 0.3232647738198 -0.296473385720363 0.154317909051395 0.399684412318268 0.903569783384558 0.295964554900726 0.588645580560797 0.0870854658517292 0.0659021147406594 -0.499672242871438 -0.224404186998745
-26.5376738396922 -34.5427480254443 -88.1789428712155 0.604816323158517 0.659647360487416 -0.446164291537452 0.351513978792152 0.281586587131508 0.892830844371712 0.142874445702915 0.0139113073037395 -0.285662622911515 0.0403889795324047 0.0064619276768471 -0.0178766211387645
-26.1555952665602 -34.5078850078567 -87.8466437153972 -0.00967988734912287 0.913751322496979 -0.40615861324014 0.435730543731205 0.369441606677121 0.820762932881046 0.0503066368836256 0.0270653146979095 -0.470871957283903 0.239174317607136 0.398648351963962 0.569664795094256
-25.7372595340596 -34.249914292254 -87.5929442138972 -0.637537590514118 0.753459207146721 -0.160763938016317 0.416216194632234 0.512442973194287 0.75111003088416 0.22513229719476 0.229133129147547 0.626202801262184 0.0727929617114196 -0.907725826714902 -0.302186035409546
-25.37827822086 -33.8713496852078 -87.5454642224111 -0.895619695353134 0.274601104331764 0.349942271807744 0.434682684316356 0.373290750204193 0.819576097285851 -0.169579524112867 0.050361877366627 0.271597740045986 0.512224917911408 -0.216916494376284 -0.234688163423096
-25.2870005712002 -33.3957988925234 -87.2562706181714 -0.892764996098209 -0.238728214993782 0.382072638275052 0.255753063584252 0.429616656199731 0.866036892470814 0.422495971114872 0.229182670036761 0.30973999740019 -0.0515555087431701 0.147931410995679 0.454066236531786
-25.2251754779967 -33.0222485130807 -86.9550725593203 -0.662870692716639 -0.650641233929624 0.370497540998847 0.117154353868018 0.398606153165907 0.909608702110678 0.00776354165051142 -0.249434140834028 0.202731225134117 0.241795326485924 -0.618570804643258 -0.616756747119196
-25.5362747347943 -32.7244873346781 -86.5490011680106 -0.012996206783562 -0.940740166240996 0.338879090763281 0.183503786083253 0.330907835397557 0.925649158672446 0.372481337817688 0.0027554676928543 0.0853778146847138 -0.263315136910902 -0.120428752672617 -0.280647315286857
-25.7264470502224 -32.6421003537072 -86.0895015003964 0.538446722061048 -0.828325097387544 0.154766470778647 0.00375574957692438 0.18602151089853 0.982538493804359 -0.587961778432755 -0.435870809867774 0.290078974845729 0.158760970727784 0.249872925922131 0.35584960605027
-25.8729841973311 -32.7783370155737 -85.5141912376638 0.88377855822742 -0.461046838062066 -0.0798202540006562 0.12937026590696 0.0768319855379463 0.988615284262621 0.637066709473448 -0.509611672335429 -0.0522281868657658 0.165304313950109 -0.396452493645486 -0.168349039797838
-25.8785114051512 -33.0403846810423 -85.1741717511994 0.990656272892421 0.106164090532052 -0.085611533153791 0.081480807419004 0.0426621594260585 0.995761426290842 -0.236950281796822 -0.281133230146412 -0.393876352025243 0.211886524933606 0.167868817558293 0.0953285243350851
-25.7432138447548 -33.316389051388 -84.6714134334591 0.749110871842209 0.654572996896412 -0.101818913225485 0.129820219990023 0.00566154051459498 0.991521384853638 0.364481145029857 0.0417453193361575 -0.309554582174075 -0.0894261508677219 0.523999493887119 0.0760218736865824
-25.4054272898953 -33.3504234525035 -84.345252939327 -0.342432588519294 0.930142827950755 0.132567875831831 0.0545558173456014 -0.121175379538446 0.991130763358817 0.493886277885581 0.082665215893079 0.137980831416043 0.0472981285289222 0.165887466396377 0.212682855077357
-25.2361444236714 -33.2157435115244 -83.8965088762588 -0.850632175796975 0.525107456617036 -0.0262118377614495 -0.0974709134051491 -0.108511866384433 0.98930510757159 0.123162988562942 -0.35449395087017 0.3268750970022 -0.0895839854387585 0.374240528683176 -0.0855819364799923
-25.2320710789112 -33.0208183372953 -83.2838920343603 -0.954409198295926 -0.042533989859205 -0.295455481814022 -0.290583810618321 -0.0940682054502305 0.952214377923877 -0.121311656939831 0.129456816554844 0.412911178543803 0.0905808103631667 0.0795933157795354 -0.224624967018231
-25.468927990878 -32.7412760210461 -82.8477159236971 -0.700093657108691 -0.643783196065537 -0.308888436640167 -0.208693260513896 -0.229219414429128 0.950739492324044 -0.431485935272332 0.0379434244426361 -0.320361526977768 -0.0475256618875307 -0.266704178710194 0.160259874280702
-25.8431293906724 -32.6877261115795 -82.5255926960314 -0.145811258903157 -0.970162967356443 -0.193708269176005 -0.0315112186160314 -0.19114712805619 0.981055461499159 -0.106047016978907 -0.113815420126348 0.235419417159569 0.310384003235138 -0.245678371977912 -0.66427879301497
-26.1144879753743 -32.8775683626344 -82.0754716245724 0.426065638323992 -0.812983175567525 -0.396895991305291 0.00871402187357997 -0.4350000743082 0.900388250179411 0.371147192702043 -0.0326847304145653 -0.179431387726368 -0.598448262958715 -0.129207661784442 0.0102235640189935
-26.3646951121965 -33.3582313752707 -81.8464367264112 0.849178845708121 -0.510018623529882 -0.137026608614808 -0.168584798529288 -0.50768825175385 0.84488567540114 -0.396249980935547 0.306156532723486 -0.0319541719633889 -0.365678548434435 -0.259085306749723 0.426051526406431
-26.4701877206579 -33.7826082321206 -81.5206182499943 0.997631621336813 -0.0097919718988191 0.0680827830057229 -0.0634890690330059 -0.511901139831955 0.856695022196914 -0.0242825178458425 0.0137813751144758 0.0380547754615931 0.125177346807493 0.388322925555603 -0.0216802463945368
-26.3470984163383 -34.1924918180517 -81.2574985608185 0.805351112551432 0.530435881159771 0.264664620326564 0.012452025264444 -0.461505372794049 0.887050019922854 0.300347035112372 -0.414536414765153 -0.160165163949834 -0.153538451254838 -0.510114655860711 0.101720293844872
-26.1853462677836 -34.532025707022 -80.9724482598578 0.366853207485443 0.842421953872268 0.394644112830705 0.135418626078977 -0.468061271643117 0.873258519396795 -0.17983360205792 0.242257209615385 -0.109769363356026 0.275766059325446 -0.0214297647466131 0.170725718338648
-25.8199703813734 -34.6977147961138 -80.6624441338832 -0.209391741950057 0.86736408976937 0.451480491276849 0.419260504306098 -0.337484134543864 0.84280785969533 0.690494198806036 -0.00535280046335827 -0.395439572700644 -0.29956768770263 0.180125957583719 -0.224206460584386
-25.5231017924628 -34.7497625901533 -80.2715732782158 -0.624155022115718 0.665925715964105 0.408623847971704 0.423729200160052 -0.150891393984357 0.893132326216056 -0.0535878915194598 -0.241648955072764 0.356326561528141 -0.373960488948972 0.476639763950422 -0.0704607825893337
-25.2091853535836 -34.5959678386428 -79.8691491935874 -0.912966294312742 0.115250757502454 0.391420244996504 0.374008046656574 -0.147142877079889 0.915678412228397 -0.0889627386686679 -0.166729075345414 -0.00477775418478108 0.13987444971272 -0.183680948885869 0.0612454762080465
-25.1002927045316 -34.4515906801546 -79.3788465113543 -0.917571789513243 -0.381458730743343 0.112032350564398 0.232454505713347 -0.286145422322177 0.9295621011827 0.0683148843242484 -0.0118133787498483 0.873819024213346 0.323168010030873 0.505995018560875 -0.0873622827118187
-25.2153232406591 -34.2826369146097 -78.9348279245594 -0.564779072548395 -0.822915153215681 -0.0619293907426855 0.0472497093654602 -0.107166362090067 0.993117735034652 0.253738510373111 0.345329873249719 -0.277918484251127 -0.591970432772944 0.0557184129507483 -0.540009190664378
-25.4969308585734 -34.3357112484893 -78.5345315776126 0.0193272672464702 -0.99111550148671 -0.131592239537438 -0.0789749384428419 -0.13271895242638 0.988002347317425 -0.285649903869174 -0.109307725929307 0.178088947744888 0.0470457597291195 -0.021595536638467 0.0616162993819957
-25.8419123266109 -34.5170055926187 -78.1140459817162 0.566746750235705 -0.808110694830375 -0.16048434792729 -0.00784950474628497 -0.200075399677323 0.97974905955739 0.102761670642925 0.0634173510486722 -0.0585514037522925 0.178165557816637 -0.110487213313811 -0.0341530107928942
-25.9932418818468 -34.8356341326988 -77.8211318997752 0.952252542989127 -0.303761312970693 -0.0307271693328764 -0.090426487125254 -0.376730619877748 0.92189863348512 -0.253970823064277 0.449819431379442 -0.353939913424532 -0.310037745437737 -0.184005531398087 -0.149551414102011
-26.0251552078054 -35.2412488628184 -77.5054915912055 0.927698216353703 0.346221201802426 0.139667098999499 -0.0591237591944829 -0.233140104316761 0.970644153548995 -0.448523683900206 -0.321198941297412 -0.266963433727829 0.203171253561618 0.274317465638223 0.275835743585377
-25.8494847226635 -35.4946220127235 -77.0084118120404 0.583069892288164 0.812354628802593 -0.0104621870504092 0.173073690720203 -0.111621381263227 0.978563316672251 -0.426771097880268 -0.176915993799388 0.264912909221271 0.0704551320277904 -0.626202738487063 -0.146902743544671
-25.6111944707769 -35.6974978465391 -76.5804988413463 0.194137184430159 0.978898967126802 -0.0637774588539359 0.203286033894841 0.0234574208215038 0.978838361115556 0.263426295951169 -0.277858264496187 -0.222129978384638 0.146215399370331 -0.0494443215620863 -0.537201329709074
-25.2431966335694 -35.6380404533073 -76.1561711533865 -0.492170855857816 0.868416033904372 -0.0601784067157622 0.110838272477181 0.131085168109117 0.985155599917646 0.0888140702632319 -0.111126737570696 -0.0203692584657425 0.445532306606423 0.291194444174125 0.194865500814264
-28.8521875820422 -35.1736553500168 -75.3759528364784 -0.315935214617516 0.197765220554983 0.92794065364562 0.905233289948895 0.355736176774174 0.23238860099233 0.0971045280852828 0.598868386769823 0.325750488522034 -0.360966508050513 0.114424297609639 0.434659981453649
-28.4564687261352 -34.8077954684043 -75.1421885449136 -0.487851692635208 -0.309463971914574 0.816230835020685 0.738423009692767 0.352375822594917 0.574945856882381 0.151570340771443 0.105513308837868 -0.433570202066832 0.2300877334462 -0.0940493729547342 0.794355267149309
-28.3397168935351 -34.4600589178806 -74.7359078138727 -0.079564673421192 -0.898677517090578 0.431333030054813 0.688035942624924 0.263593271154445 0.676110293474255 -0.349464705530164 -0.155280989420288 0.00877912832354666 0.310671057857327 -0.26277718874089 0.0980192688463604
-28.2853031624724 -34.4140114311861 -74.2677335510223 0.7090340648621 -0.673907108999031 -0.207653324380389 0.634060207203641 0.480392916769514 0.605962291741827 -0.00954381537656426 -0.188997866054321 0.0936706934272174 -0.157959899444665 0.302874536417291 -0.0755918536786459
-27.9922393748401 -34.5825604384307 -73.8939523285345 0.747428700498957 0.241327992179658 -0.618959722107516 0.568301585140474 0.250271339904559 0.783835164141507 -0.336706982001748 -0.203048468918274 0.416535577010114 0.0136987146463425 -0.557616265230021 0.12739611772433
-27.5827599660229 -34.7265495101332 -73.5864438418233 0.23953413602705 0.740946637513647 -0.627392600183942 0.524934420776 0.444770813582405 0.72568779426507 -0.192577747661841 0.776278002919307 -0.0452572431967781 0.492921196029309 0.339004953208938 0.160987507164548
-27.1091152866099 -34.7454053855618 -73.4806166866513 -0.243454747756414 0.966881810105851 -0.0766116896172036 0.661359869750133 0.223264641741225 0.716069844626459 0.0741574655245952 -0.589763949888107 0.346047416037341 -0.468997263303521 0.0238043921018175 0.0818330964647705
-26.4787041160346 -35.0146558619041 -73.3689665882862 -0.195811125482432 -0.78902896684958 -0.582315457934821 0.550085827659591 0.403210885783843 -0.731318373727416 -0.0301552457564788 0.132200810416556 0.185619445283142 -0.31196110146263 -0.391223459098118 -0.484094221128639
-26.0556748417417 -35.1572395123645 -73.6032310847776 -0.751939646631047 -0.0796342098601384 -0.654404431735569 0.603268070167395 0.317135281914359 -0.731773768534322 -0.132863131228424 0.174382122354052 0.231368819613458 0.200005791782182 0.258297278904464 -0.292139511308131
-25.7789901852063 -35.3350882139313 -74.05956407632 -0.816617224384788 0.491643034994163 -0.302363084530085 0.469659849662519 0.261514949870654 -0.843225685426972 -0.402295211153346 0.618758965653501 0.791894397697326 0.223110350865104 -0.170543102260147 -0.129617226252844
-25.7101263452431 -35.4708135019261 -74.5508503001635 -0.440116957027916 0.896870066671881 0.043830874612471 0.29863653358496 0.192233390211091 -0.934806152811988 0.0640542977774439 -0.192575091866024 -0.0990626139991902 -0.170737204593548 -0.30641525066104 -0.114375725787991
-25.8947219667221 -35.3912071582959 -74.9538689397781 0.397382314075888 0.906898455938984 0.140080278172044 0.0861163629341461 0.115121966033792 -0.989611491073938 -0.395643815330486 -0.141530353817698 -0.33414680119846 0.0940371923469704 0.521888361197129 -0.247123956102682
-25.9238881790481 -35.2184388555665 -75.4283156745743 0.828500411939047 0.489494915747524 0.27199594613105 0.143528409365688 0.283873781799687 -0.948058685739603 0.503205014968933 0.472275565081692 -0.289370955986847 0.439088726319163 -0.148813979263032 0.138341132007771
-25.8969682193478 -34.7990373283221 -75.8335964645355 0.928625938760252 -0.345598067398163 0.134966071065951 0.197488860649658 0.152476502351732 -0.968374444916342 0.0746855088791935 -0.408653107765402 0.13535238857815 0.0894718436827821 -0.164586396749677 0.191221715487542
-25.71407665615 -34.528143353593 -76.2277754832508 0.312237484871554 -0.949727472577753 0.0229233671086424 0.142148733320711 0.0228482610629603 -0.989581575496955 -0.0300912955986545 0.435570899740893 0.444950788325467 0.189603464328283 0.24294065905807 0.165137442949285
-25.3739736361215 -34.517882021326 -76.6044603540495 -0.225629666946868 -0.973601875891862 -0.034505659128802 0.349002737410982 -0.0477107796183004 -0.935906389939768 0.0573035013401383 -0.151699763117772 0.403040405581341 0.155660560270855 -0.0775036473854859 0.713851677647988
-25.0338257300246 -34.5945244078944 -77.0361804488493 -0.690743220990135 -0.721166744203933 0.0528424852463313 0.181108081176106 -0.24328984832062 -0.952895541106146 -0.297807824336629 0.222470783045948 0.23214035788752 -0.265769137642655 -0.159052963631702 -0.0969281749781851
-24.8599397980763 -34.9556880810184 -77.4709347336796 -0.944263188387495 -0.3251539609595 0.0513997338824407 -0.0176516401218056 -0.105903176279128 -0.994219762847447 0.344908809503953 -0.0661978502225499 0.00397033069269578 -0.59968622060801 -0.525526513518794 -0.574823829424586
-24.9015490904764 -35.3231199497418 -77.8586082834737 -0.868530389858028 0.492656611782883 0.0542625394292425 -0.068426729607344 -0.0107549231972582 -0.997598172523218 0.141805784289239 -0.0608284906094401 0.0594854874798502 -0.0638969736929437 0.162166482094836 -0.206387897216205
-25.11392415899 -35.4650231112442 -78.3557059447284 -0.560102582149681 0.803173366045177 0.202972021316243 -0.265215831733046 0.0582659657246456 -0.962426952975145 -0.141233439055434 -0.179725718804856 0.224272307298158 0.622568725413955 0.198650963053873 0.430303942030223
-25.4889840511355 -35.4617533299495 -78.8031907682521 -0.140341509427297 0.920635395486463 0.364327777090294 -0.22897257514705 0.327816061245114 -0.916574159449593 -0.245690162305206 0.382655817371097 0.623964336208526 -0.127374198258751 -0.217148049290919 0.216050901125398
-25.8764266188349 -35.2491043085121 -79.0517999428497 0.560310485823601 0.82083397155352 0.110832077294044 -0.326296092670133 0.341734310041669 -0.881333376518279 -0.131840753117494 -0.400771788373085 0.178308308923367 -0.331096928749565 -0.138543361121958 -0.308519110772448
-26.1639928997025 -34.9592685088257 -79.2383634591585 0.871617925213973 0.441230400816053 -0.213536708232847 -0.397246260184432 0.380591092940003 -0.835072349383989 0.627867531082474 -0.0720862454947931 0.246359030610389 -0.10954804559993 -0.673405242410769 0.205092323471051
-26.2891172782382 -34.4279534588055 -79.3961285063122 0.935666464350077 -0.113183914137416 -0.334241930215344 -0.249270219167691 0.458453021239124 -0.853044655351139 0.221770655523534 -0.0133547769713147 -0.0299462606564767 -0.0629472551474985 0.337741146516601 -0.213136889704372
-26.3514082313445 -34.0133977507823 -79.8381187199299 0.81899363157615 -0.513852052186053 -0.255353675936262 0.0113398510629982 0.459427580373757 -0.888142841065263 0.43770363592598 0.40330648919093 0.0168682804586265 0.253890211813373 -0.0714822653326697 -0.0787277475501245
-26.0744146912111 -33.6625458486389 -80.0648443548088 0.119744942030802 -0.851398987821422 -0.51066712318346 0.0156281027175417 0.515920905109795 -0.856493655037619 0.0701220863166452 -0.142411364253595 -0.457279810604227 0.573043419862696 0.229509077236297 -0.0968993910040842
-25.758760270962 -33.4956559112243 -80.505350498994 -0.35625726168108 -0.873407473027378 -0.332024320604975 -0.0833239393948508 0.383619036148586 -0.919724717616896 -0.229572972390275 0.0175236593250116 0.107181634113452 -0.476096254569088 -0.435438605543845 0.467690681667179
-25.4194818702077 -33.5420417024265 -80.9331379430204 -0.709624433960105 -0.648231430111793 -0.276096312993023 0.0977100425164534 0.297533711821638 -0.949698076770132 0.0286527172063812 -0.527148298846384 0.236232209700222 -0.00107878179575043 -0.254838456322411 -0.259486737924065
-25.2853289161007 -33.7275904636519 -81.3974810349163 -0.994235563694196 -0.0299660755383959 -0.102945024990268 0.0938546388169361 0.220952844601562 -0.970758027099805 0.281856539516137 0.637340396960192 0.295244610882028 0.620156549765784 -0.609168736949811 -0.00242832227101976
-25.3118072379437 -33.8653507653731 -82.0098238094625 -0.910365237861124 0.354975612736166 0.212667453949188 -0.10321160077183 0.302905656147779 -0.947415181706316 0.541556704658859 -0.278339755079767 0.166723012512145 -0.326361278566336 -0.434267300434397 -0.211312030598636
-25.659000711552 -33.9282529444137 -82.4776699814574 -0.407882153453374 0.864479729967186 0.29378043397255 -0.162698755827653 0.24779530910344 -0.955053191429233 -0.381444343579922 -0.402166484828431 -0.357285174966202 0.132325223412979 0.100091526250472 0.104092215291671
-26.0548212054497 -33.7613678247231 -82.8552517241635 0.397107055673802 0.864618492342779 0.307800014518229 -0.0895973510704 0.370297561380169 -0.92458208433605 -0.143238532641793 0.00794093749935802 0.334502889708067 -0.243108259691312 0.0925667225193448 0.39202407266574
-26.3800233156298 -33.3798341278831 -83.1593629145433 0.879527297942843 0.444886836441899 0.168841448556479 0.0286418844236741 0.304683356234326 -0.952022948661489 0.437068862520302 0.432401546478025 -0.0320108874996262 0.873273279686911 0.441406958972285 0.226728119759928
-26.3885520461077 -33.1480122125438 -83.5836212917865 0.987926648127129 0.0842058308213559 0.130039665244048 0.0605295370895997 0.562866605221656 -0.824328428555661 0.355169918294696 0.577421086283416 0.00464695509995328 -0.270506547944464 0.00798387590525491 0.368619258194886
-26.2989731663361 -32.6261401219861 -83.8357702278108 0.88586362689909 -0.459332198139503 -0.0652653522089368 0.192188423098347 0.491354696097512 -0.849490537083871 0.122077590407582 -0.0300422150266554 -0.721347320357352 -0.502187063168312 -0.123186423522035 0.0549320047854765
-24.8372659612696 -32.6151479583264 -84.9473609953131 -0.70481588840696 -0.621146277057048 0.34265414890099 -0.173980261284561 -0.316918395138535 -0.932359157942042 -0.00468887803520256 -0.438962605071751 -0.0133920619788216 -0.00104874848202577 -0.54663432146899 -0.279588815228537
-24.7225892679266 -32.9831144702511 -85.2877115566497 -0.984209097192877 -0.00783049262473549 0.176836467696899 -0.164769810304312 -0.324511350813249 -0.931420040990102 0.066768224101544 -0.292375852895981 -0.160787982748993 0.0967213381469851 0.00255093610087779 0.246161164260856
-24.8436876413053 -33.3348393382114 -85.6595106856883 -0.903021096395336 0.419834229696004 0.0910610648316743 -0.298920600590134 -0.461819828990578 -0.835086174728145 -0.269162983001431 -0.137042526446907 -0.208842530943387 0.0921481995831082 -0.0864326910281385 0.2820152996435
-25.1239084653692 -33.6596944383926 -85.8917976427366 -0.500475780075537 0.848582046369605 -0.171559039508453 -0.342781575216689 -0.376194698293304 -0.860800987809579 0.537179513818996 -0.259021603541528 0.46581772841007 0.122234701627918 0.0938887917488608 -0.0459017553619022
-25.5857151024756 -33.8276651193424 -86.1955707797015 -0.0420564114346743 0.982527786228531 -0.181301978474106 -0.488389040755304 -0.178521744149534 -0.854169849436012 0.442502689762028 0.0809467277004669 -0.301435674237666 -0.187693601977746 0.139359904348585 0.0253013524922927
-26.0444669694852 -33.7909851828934 -86.4660934352944 0.670553996305245 0.607388186509899 -0.425954139330614 -0.416396843965187 -0.167044792121085 -0.893705603482092 0.0524819805530683 0.0342571832311709 -0.0965455289156768 -0.0543550900476441 -0.70659983144416 -0.0598333263285823
-26.3652000517751 -33.6522784661821 -86.8309170775944 0.936635691799677 0.115088809861605 -0.33085970670171 -0.328758670904283 -0.037337499024414 -0.943675604857115 0.189907420336234 -0.241485938513016 0.233179032980419 -0.126497868042328 -0.127762140408373 0.185657546469005
-26.4757198702203 -33.4442689584556 -87.2740584770584 0.903893980007594 -0.399136019563132 -0.153837936059506 -0.196422220380884 -0.0678087508311167 -0.978171909551789 -0.20411134460966 -0.149977688508273 -0.380770889497528 0.0301861680477905 0.200550949008909 -0.0192133471134358
-26.4244844643066 -33.3400144654368 -87.7930620021618 0.579787959876653 -0.797250707932182 0.168039370889152 -0.11405951946254 -0.283630966037219 -0.952125990126116 -0.0715913159774642 -0.0735691738730888 -0.0149684256263029 -0.00333247946641226 0.459698617039974 0.348672940217241
-26.2496359347424 -33.3928023638975 -88.3046568227643 0.0455590789186722 -0.917685794276075 0.394686145150472 0.0434207627523301 -0.392903842840593 -0.918553867554796 0.107147554515053 0.462652074186877 -0.157463160146724 -0.264512854916934 -0.565778762479427 -0.40718058191444
-25.840337154771 -33.6720201616867 -88.6933816218241 -0.585084491492364 -0.744743415411579 0.320988135163215 -0.000889693224753701 -0.395216816920259 -0.918587435147686 -0.206692446592304 -0.0842135955457987 -0.0715020935821929 0.0328265032665856 -0.522125061018046 0.010375179509389
-25.6427126556764 -34.1019393631278 -88.9721643586286 -0.939817081899146 -0.278836599368 0.197468990270125 0.0786245312050194 -0.73891805680319 -0.669192265034617 -0.180409711136447 0.431365521720106 0.784609637515123 -0.191582879002483 -0.197736350589306 0.213224062556644
-25.6188599792565 -34.6204532258961 -89.0094804307065 -0.96103299761062 0.202588285275307 -0.188078611115389 -0.0433768123765719 -0.782463493341387 -0.621183816253136 -0.195484162705871 -0.260473438979455 -0.2190109939425 -0.170498231345952 -0.0297311195337214 0.166481523155024
-25.853955980836 -35.0952259308465 -89.0177935277376 -0.639710668880136 0.518298857183279 -0.567570748435615 -0.180490771140339 -0.819081737270865 -0.544544019235914 0.295483948286607 0.361943525549981 -0.272249620244237 0.493768337804868 -0.0106854420145622 0.0470966830614989
-26.1552587171011 -35.4859509770362 -89.1878984563533 -0.255193154066076 0.654133027811786 -0.712029799895511 -0.198399981033983 -0.75616850233051 -0.623575691867293 0.387044697547702 0.0204598045712289 -0.650390258631575 0.199979480422192 0.065576165870546 0.183906412788777
-26.5639346176875 -35.7501112437918 -89.3539844740236 0.367311090901539 0.51460967169971 -0.774764123595758 -0.360246617091976 -0.689258100741848 -0.628606112014067 -0.106462750914429 0.179045389450424 -0.0324540528252303 -0.733112324138148 0.252131859618663 0.305744771734892
-26.8578745523041 -36.0717547178067 -89.8012909137756 0.747332028278862 0.43628755146134 -0.501146696970658 -0.251989032934458 -0.511785389459725 -0.821326513867397 0.0052534305572216 -0.501446207352309 0.0266267921425106 -0.0989220064842285 -0.125872356368687 0.0909830231987798
-27.0297997347353 -36.0885218322937 -90.2922281405477 0.977843117099355 0.0759701124928801 -0.195067626782042 -0.151138136766299 -0.388541981592828 -0.908951258991952 -0.0352682155504951 0.05341375122073 -0.441910142055674 0.229520880297774 0.363079926339083 -0.0591969143230469
-26.9941668902007 -36.1272745509325 -90.8134915476456 0.891781320718943 -0.36977515388181 0.260753541941117 0.0798056315924762 -0.438713064284142 -0.895076481392864 -0.303985966134786 -0.223345294361805 0.0231926441828664 0.0315452500104751 0.287051973782581 -0.0426200025097412
-26.7251936431613 -36.1988427895379 -91.26879177694 0.399385416113065 -0.747518268699388 0.530761459758042 -0.12395915151786 -0.617653543026303 -0.776619745681144 0.367717473522082 -0.453042260861852 -0.63307103843777 -0.249240722461676 0.135068643677705 0.0466656354590586
